4.020080
4.042518
4.105035
4.167553
4.230071
4.292588
4.355106
4.417624
4.480142
4.542659
4.605177
4.667695
4.730212
4.792730
4.855248
4.917765
4.980283
5.042801
5.105318
5.167836
5.230354
5.292872
5.355389
5.417907
5.480425
5.542942
5.605460
5.667978
5.730495
5.793013
5.855531
5.918049
5.980566
6.043084
6.105602
6.168119
6.230637
6.293155
6.355672
6.418190
6.480708
6.543225
6.605743
6.668257
6.730754
6.793124
6.854583
6.909544
6.918216
6.604962
4.736063
1.999226
1.154674
1.067083
1.107800
1.167216
1.229294
1.291749
1.354258
1.416775
1.479292
1.541810
1.604328
1.666845
1.729363
1.791881
1.854398
1.916916
1.979434
2.041951
2.104469
2.166987
2.229505
2.292022
2.354540
2.417058
2.479575
2.542093
2.604611
2.667128
2.729646
2.792164
2.854682
2.917199
2.979717
3.042235
3.104752
3.167270
3.229788
3.292305
3.354823
3.417341
3.479858
3.542376
3.604894
3.667412
3.729929
3.792447
3.854965
3.917482
3.979960
4.027286
4.035325
4.084613
4.146820
4.209026
4.271233
4.333440
4.395646
4.457853
4.520060
4.582266
4.644473
4.706680
4.768886
4.831093
4.893300
4.955506
5.017713
5.079920
5.142126
5.204333
5.266540
5.328746
5.390953
5.453160
5.515366
5.577573
5.639780
5.701986
5.764193
5.826400
5.888606
5.950813
6.013020
6.075226
6.137433
6.199640
6.261846
6.324053
6.386260
6.448466
6.510673
6.572879
6.635084
6.697280
6.759408
6.821055
6.879294
6.913238
6.768625
5.439871
2.435837
1.232756
1.074603
1.104223
1.161699
1.223222
1.285329
1.347522
1.409726
1.471933
1.534139
1.596346
1.658553
1.720759
1.782966
1.845173
1.907379
1.969586
2.031793
2.093999
2.156206
2.218413
2.280619
2.342826
2.405033
2.467239
2.529446
2.591653
2.653859
2.716066
2.778273
2.840479
2.902686
2.964893
3.027099
3.089306
3.151513
3.213719
3.275926
3.338133
3.400339
3.462546
3.524753
3.586959
3.649166
3.711373
3.773579
3.835786
3.897993
3.960158
4.029873
4.032770
4.068600
4.126292
4.188190
4.250089
4.311988
4.373887
4.435785
4.497684
4.559583
4.621482
4.683380
4.745279
4.807178
4.869076
4.930975
4.992874
5.054773
5.116671
5.178570
5.240469
5.302368
5.364266
5.426165
5.488064
5.549962
5.611861
5.673760
5.735659
5.797557
5.859456
5.921355
5.983254
6.045152
6.107051
6.168950
6.230849
6.292747
6.354646
6.416545
6.478443
6.540342
6.602240
6.664133
6.725989
6.787590
6.847396
6.894451
6.845768
6.014016
3.019273
1.351440
1.088246
1.101638
1.156388
1.217233
1.278977
1.340853
1.402748
1.464646
1.526545
1.588444
1.650343
1.712241
1.774140
1.836039
1.897937
1.959836
2.021735
2.083634
2.145532
2.207431
2.269330
2.331229
2.393127
2.455026
2.516925
2.578823
2.640722
2.702621
2.764520
2.826418
2.888317
2.950216
3.012115
3.074013
3.135912
3.197811
3.259709
3.321608
3.383507
3.445406
3.507304
3.569203
3.631102
3.693001
3.754899
3.816798
3.878697
3.940571
4.030805
4.031861
4.057013
4.107351
4.167560
4.229154
4.290748
4.352342
4.413936
4.475530
4.537123
4.598717
4.660311
4.721905
4.783499
4.845093
4.906686
4.968280
5.029874
5.091468
5.153062
5.214656
5.276249
5.337843
5.399437
5.461031
5.522625
5.584219
5.645812
5.707406
5.769000
5.830594
5.892188
5.953782
6.015375
6.076969
6.138563
6.200157
6.261751
6.323345
6.384938
6.446532
6.508126
6.569719
6.631310
6.692881
6.754316
6.814800
6.868574
6.871793
6.410707
3.739649
1.531695
1.111214
1.100490
1.151354
1.211340
1.272693
1.334251
1.395839
1.457432
1.519026
1.580620
1.642213
1.703807
1.765401
1.826995
1.888589
1.950183
2.011776
2.073370
2.134964
2.196558
2.258152
2.319746
2.381339
2.442933
2.504527
2.566121
2.627715
2.689309
2.750902
2.812496
2.874090
2.935684
2.997278
3.058872
3.120465
3.182059
3.243653
3.305247
3.366841
3.428434
3.490028
3.551622
3.613216
3.674810
3.736404
3.797997
3.859591
3.921186
4.031145
4.031537
4.048909
4.090904
4.147593
4.208425
4.269717
4.331009
4.392301
4.453593
4.514885
4.576177
4.637469
4.698761
4.760053
4.821345
4.882636
4.943928
5.005220
5.066512
5.127804
5.189096
5.250388
5.311680
5.372972
5.434264
5.495556
5.556848
5.618140
5.679432
5.740723
5.802015
5.863307
5.924599
5.985891
6.047183
6.108475
6.169767
6.231059
6.292351
6.353643
6.414935
6.476227
6.537518
6.598808
6.660088
6.721295
6.781995
6.839150
6.869739
6.644529
4.534827
1.801951
1.148655
1.101468
1.146699
1.205559
1.266479
1.327715
1.388998
1.450289
1.511580
1.572872
1.634164
1.695456
1.756748
1.818040
1.879332
1.940624
2.001916
2.063208
2.124500
2.185791
2.247083
2.308375
2.369667
2.430959
2.492251
2.553543
2.614835
2.676127
2.737419
2.798711
2.860003
2.921295
2.982587
3.043879
3.105170
3.166462
3.227754
3.289046
3.350338
3.411630
3.472922
3.534214
3.595506
3.656798
3.718090
3.779382
3.840674
3.901996
4.031271
4.031422
4.043327
4.077242
4.128885
4.188053
4.248892
4.309885
4.370878
4.431871
4.492864
4.553857
4.614850
4.675843
4.736836
4.797829
4.858822
4.919815
4.980808
5.041801
5.102794
5.163787
5.224779
5.285772
5.346765
5.407758
5.468751
5.529744
5.590737
5.651730
5.712723
5.773716
5.834709
5.895702
5.956695
6.017688
6.078681
6.139674
6.200667
6.261660
6.322653
6.383646
6.444639
6.505632
6.566624
6.627610
6.688557
6.749233
6.808027
6.852855
6.762417
5.295761
2.195148
1.208755
1.105663
1.142581
1.199913
1.260340
1.321245
1.382224
1.443215
1.504208
1.565201
1.626194
1.687186
1.748179
1.809172
1.870165
1.931158
1.992151
2.053144
2.114137
2.175130
2.236123
2.297116
2.358109
2.419102
2.480095
2.541088
2.602081
2.663074
2.724067
2.785060
2.846053
2.907046
2.968039
3.029032
3.090025
3.151018
3.212011
3.273004
3.333997
3.394990
3.455983
3.516976
3.577969
3.638962
3.699955
3.760948
3.821941
3.882998
4.031320
4.031381
4.039511
4.066249
4.111922
4.168335
4.228321
4.288966
4.349663
4.410360
4.471057
4.531754
4.592451
4.653148
4.713845
4.774542
4.835238
4.895935
4.956632
5.017329
5.078026
5.138723
5.199420
5.260117
5.320814
5.381511
5.442208
5.502905
5.563602
5.624299
5.684996
5.745693
5.806390
5.867087
5.927783
5.988480
6.049177
6.109874
6.170571
6.231268
6.291965
6.352662
6.413359
6.474056
6.534752
6.595446
6.656117
6.716644
6.776166
6.828323
6.810213
5.912809
2.738115
1.304195
1.114822
1.139237
1.194441
1.254280
1.314841
1.375517
1.436210
1.496907
1.557604
1.618301
1.678997
1.739694
1.800391
1.861088
1.921785
1.982482
2.043179
2.103876
2.164573
2.225270
2.285967
2.346664
2.407361
2.468058
2.528755
2.589452
2.650149
2.710845
2.771542
2.832239
2.892936
2.953633
3.014330
3.075027
3.135724
3.196421
3.257118
3.317815
3.378512
3.439209
3.499906
3.560603
3.621300
3.681997
3.742694
3.803391
3.864187
4.031340
4.031367
4.036909
4.057609
4.096984
4.149625
4.208138
4.268268
4.328654
4.389057
4.449461
4.509865
4.570269
4.630672
4.691076
4.751480
4.811884
4.872288
4.932691
4.993095
5.053499
5.113903
5.174306
5.234710
5.295114
5.355518
5.415921
5.476325
5.536729
5.597133
5.657537
5.717940
5.778344
5.838748
5.899152
5.959555
6.019959
6.080363
6.140767
6.201170
6.261574
6.321978
6.382382
6.442786
6.503189
6.563591
6.623981
6.684292
6.744065
6.799937
6.819471
6.333619
3.430958
1.453802
1.131757
1.137043
1.189196
1.248307
1.308505
1.368875
1.429274
1.489677
1.550080
1.610484
1.670888
1.731291
1.791695
1.852099
1.912503
1.972907
2.033310
2.093714
2.154118
2.214522
2.274925
2.335329
2.395733
2.456137
2.516540
2.576944
2.637348
2.697752
2.758156
2.818559
2.878963
2.939367
2.999771
3.060174
3.120578
3.180982
3.241386
3.301790
3.362193
3.422597
3.483001
3.543405
3.603808
3.664212
3.724616
3.785020
3.845559
4.031348
4.031362
4.035138
4.050937
4.084155
4.132246
4.188544
4.247844
4.307853
4.367960
4.428074
4.488187
4.548300
4.608414
4.668527
4.728641
4.788754
4.848868
4.908981
4.969094
5.029208
5.089321
5.149435
5.209548
5.269661
5.329775
5.389888
5.450002
5.510115
5.570229
5.630342
5.690455
5.750569
5.810682
5.870796
5.930909
5.991023
6.051136
6.111249
6.171363
6.231476
6.291590
6.351703
6.411816
6.471930
6.532042
6.592148
6.652211
6.711984
6.769681
6.808550
6.576965
4.224049
1.683587
1.160969
1.136594
1.184265
1.242436
1.302236
1.362299
1.422404
1.482516
1.542629
1.602743
1.662856
1.722970
1.783083
1.843196
1.903310
1.963423
2.023537
2.083650
2.143764
2.203877
2.263990
2.324104
2.384217
2.444331
2.504444
2.564557
2.624671
2.684784
2.744898
2.805011
2.865125
2.925238
2.985351
3.045465
3.105578
3.165692
3.225805
3.285919
3.346032
3.406145
3.466259
3.526372
3.586486
3.646599
3.706712
3.766826
3.827112
4.031353
4.031360
4.033933
4.045855
4.073368
4.116437
4.169781
4.227799
4.287281
4.347067
4.406891
4.466717
4.526543
4.586369
4.646195
4.706020
4.765846
4.825672
4.885498
4.945324
5.005150
5.064976
5.124801
5.184627
5.244453
5.304279
5.364105
5.423931
5.483757
5.543582
5.603408
5.663234
5.723060
5.782886
5.842712
5.902538
5.962363
6.022189
6.082015
6.141841
6.201667
6.261493
6.321319
6.381144
6.440970
6.500795
6.560617
6.620416
6.680057
6.738587
6.787319
6.696828
5.014838
2.025225
1.209567
1.138845
1.179780
1.236686
1.296040
1.355788
1.415601
1.475424
1.535250
1.595076
1.654902
1.714727
1.774553
1.834379
1.894205
1.954031
2.013857
2.073683
2.133508
2.193334
2.253160
2.312986
2.372812
2.432638
2.492464
2.552289
2.612115
2.671941
2.731767
2.791593
2.851419
2.911245
2.971070
3.030896
3.090722
3.150548
3.210374
3.270200
3.330026
3.389851
3.449677
3.509503
3.569329
3.629155
3.688981
3.748807
3.808843
4.031355
4.031359
4.033113
4.042027
4.064460
4.102335
4.152083
4.208281
4.266988
4.326386
4.385912
4.445452
4.504993
4.564534
4.624075
4.683616
4.743157
4.802698
4.862239
4.921780
4.981321
5.040862
5.100403
5.159944
5.219485
5.279026
5.338567
5.398109
5.457650
5.517191
5.576732
5.636273
5.695814
5.755355
5.814896
5.874437
5.933978
5.993519
6.053060
6.112601
6.172142
6.231683
6.291224
6.350765
6.410306
6.469847
6.529386
6.588912
6.648352
6.707194
6.760910
6.744045
5.685238
2.508414
1.288550
1.145325
1.175946
1.231087
1.289918
1.349342
1.408863
1.468400
1.527941
1.587482
1.647023
1.706564
1.766105
1.825646
1.885187
1.944728
2.004269
2.063810
2.123351
2.182892
2.242433
2.301974
2.361515
2.421056
2.480598
2.540139
2.599680
2.659221
2.718762
2.778303
2.837844
2.897385
2.956926
3.016467
3.076008
3.135549
3.195090
3.254631
3.314172
3.373713
3.433254
3.492795
3.552336
3.611877
3.671418
3.730960
3.790749
4.031356
4.031359
4.032555
4.039168
4.057214
4.089978
4.135650
4.189463
4.247054
4.305936
4.365136
4.424389
4.483648
4.542907
4.602166
4.661424
4.720683
4.779942
4.839201
4.898460
4.957719
5.016978
5.076237
5.135496
5.194755
5.254014
5.313273
5.372532
5.431791
5.491049
5.550308
5.609567
5.668826
5.728085
5.787344
5.846603
5.905862
5.965121
6.024380
6.083639
6.142898
6.202157
6.261416
6.320674
6.379933
6.439192
6.498450
6.557700
6.616904
6.675784
6.731965
6.752436
6.162919
3.143790
1.414316
1.158489
1.173096
1.225688
1.283880
1.342961
1.402190
1.461443
1.520701
1.579960
1.639219
1.698478
1.757737
1.816996
1.876255
1.935514
1.994773
2.054032
2.113291
2.172549
2.231808
2.291067
2.350326
2.409585
2.468844
2.528103
2.587362
2.646621
2.705880
2.765139
2.824398
2.883657
2.942916
3.002174
3.061433
3.120692
3.179951
3.239210
3.298469
3.357728
3.416987
3.476246
3.535505
3.594764
3.654023
3.713282
3.772828
4.031357
4.031359
4.032174
4.037050
4.051397
4.079323
4.120624
4.171525
4.227591
4.285760
4.344572
4.403527
4.462504
4.521484
4.580463
4.639443
4.698422
4.757402
4.816381
4.875361
4.934340
4.993320
5.052299
5.111279
5.170258
5.229238
5.288217
5.347196
5.406176
5.465155
5.524135
5.583114
5.642094
5.701073
5.760053
5.819032
5.878012
5.936991
5.995971
6.054950
6.113930
6.172909
6.231889
6.290868
6.349848
6.408827
6.467806
6.526781
6.585730
6.644503
6.701846
6.741050
6.450497
3.899916
1.609897
1.182244
1.171757
1.220561
1.277935
1.336647
1.395581
1.454552
1.513530
1.572510
1.631489
1.690469
1.749448
1.808428
1.867407
1.926387
1.985366
2.044345
2.103325
2.162304
2.221284
2.280263
2.339243
2.398222
2.457202
2.516181
2.575161
2.634140
2.693120
2.752099
2.811079
2.870058
2.929038
2.988017
3.046997
3.105976
3.164956
3.223935
3.282915
3.341894
3.400874
3.459853
3.518833
3.577812
3.636791
3.695771
3.755076
4.031358
4.031359
4.031915
4.035489
4.046780
4.070266
4.107087
4.154631
4.208730
4.265922
4.324239
4.382868
4.441561
4.500262
4.558965
4.617668
4.676370
4.735073
4.793776
4.852478
4.911181
4.969884
5.028586
5.087289
5.145992
5.204694
5.263397
5.322100
5.380802
5.439505
5.498208
5.556910
5.615613
5.674316
5.733018
5.791721
5.850424
5.909126
5.967829
6.026532
6.085234
6.143937
6.202640
6.261342
6.320045
6.378748
6.437450
6.496150
6.554836
6.613425
6.671252
6.719811
6.598211
4.691643
1.904455
1.222742
1.172772
1.215827
1.272101
1.330402
1.389036
1.447726
1.506427
1.565129
1.623832
1.682534
1.741237
1.799940
1.858642
1.917345
1.976048
2.034750
2.093453
2.152156
2.210858
2.269561
2.328264
2.386966
2.445669
2.504372
2.563074
2.621777
2.680480
2.739182
2.797885
2.856588
2.915290
2.973993
3.032696
3.091398
3.150101
3.208804
3.267506
3.326209
3.384912
3.443614
3.502317
3.561020
3.619722
3.678426
3.737492
4.031358
4.031359
4.031739
4.034347
4.043152
4.062667
4.095060
4.138917
4.190613
4.246508
4.304172
4.362420
4.420816
4.479240
4.537668
4.596097
4.654525
4.712954
4.771382
4.829811
4.888239
4.946667
5.005096
5.063524
5.121953
5.180381
5.238810
5.297238
5.355666
5.414095
5.472523
5.530952
5.589380
5.647809
5.706237
5.764666
5.823094
5.881522
5.939951
5.998379
6.056808
6.115236
6.173665
6.232093
6.290522
6.348950
6.407378
6.465805
6.524224
6.582590
6.640547
6.693737
6.660929
5.402900
2.328191
1.289475
1.177495
1.211669
1.266406
1.324230
1.382555
1.440965
1.499390
1.557818
1.616246
1.674675
1.733103
1.791532
1.849960
1.908388
1.966817
2.025245
2.083674
2.142102
2.200531
2.258959
2.317388
2.375816
2.434244
2.492673
2.551101
2.609530
2.667958
2.726387
2.784815
2.843243
2.901672
2.960100
3.018529
3.076957
3.135386
3.193814
3.252243
3.310671
3.369099
3.427528
3.485956
3.544385
3.602813
3.661242
3.720073
4.031358
4.031359
4.031618
4.033513
4.040326
4.056366
4.084511
4.124477
4.173376
4.227621
4.284421
4.342199
4.400272
4.458415
4.516570
4.574727
4.632884
4.691040
4.749197
4.807354
4.865511
4.923667
4.981824
5.039981
5.098138
5.156295
5.214451
5.272608
5.330765
5.388922
5.447078
5.505235
5.563392
5.621549
5.679705
5.737862
5.796019
5.854176
5.912333
5.970489
6.028646
6.086803
6.144960
6.203116
6.261273
6.319430
6.377587
6.435743
6.493894
6.552016
6.609918
6.665350
6.677543
5.942638
2.899136
1.396647
1.188080
1.208387
1.260892
1.318137
1.376138
1.434267
1.492419
1.550575
1.608731
1.666888
1.725045
1.783202
1.841358
1.899515
1.957672
2.015829
2.073986
2.132142
2.190299
2.248456
2.306613
2.364769
2.422926
2.481083
2.539240
2.597396
2.655553
2.713710
2.771867
2.830024
2.888180
2.946337
3.004494
3.062651
3.120807
3.178964
3.237121
3.295278
3.353435
3.411591
3.469748
3.527905
3.586062
3.644219
3.702817
4.031358
4.031359
4.031536
4.032908
4.038141
4.051196
4.075370
4.111365
4.157140
4.209373
4.265056
4.322234
4.379937
4.437787
4.495668
4.553555
4.611443
4.669330
4.727218
4.785106
4.842993
4.900881
4.958768
5.016656
5.074544
5.132431
5.190319
5.248207
5.306094
5.363982
5.421869
5.479757
5.537645
5.595532
5.653420
5.711308
5.769195
5.827083
5.884970
5.942858
6.000746
6.058633
6.116521
6.174409
6.232296
6.290184
6.348071
6.405959
6.463843
6.521712
6.579460
6.635921
6.670591
6.288713
3.602266
1.564456
1.207944
1.206455
1.255626
1.312133
1.369786
1.427632
1.485513
1.543399
1.601286
1.659174
1.717061
1.774949
1.832837
1.890724
1.948612
2.006500
2.064387
2.122275
2.180162
2.238050
2.295938
2.353825
2.411713
2.469601
2.527488
2.585376
2.643263
2.701151
2.759039
2.816926
2.874814
2.932702
2.990589
3.048477
3.106364
3.164252
3.222140
3.280027
3.337915
3.395803
3.453690
3.511578
3.569465
3.627354
3.685722
4.031359
4.031359
4.031480
4.032470
4.036464
4.046994
4.067538
4.099595
4.142001
4.191879
4.246158
4.302568
4.359825
4.417357
4.474961
4.532579
4.590200
4.647821
4.705442
4.763063
4.820684
4.878305
4.935926
4.993547
5.051168
5.108789
5.166410
5.224030
5.281651
5.339272
5.396893
5.454514
5.512135
5.569756
5.627377
5.684998
5.742619
5.800240
5.857861
5.915482
5.973103
6.030724
6.088345
6.145966
6.203587
6.261208
6.318829
6.376449
6.434069
6.491679
6.549224
6.606092
6.651923
6.478360
4.372772
1.819219
1.242438
1.206630
1.250718
1.306233
1.363502
1.421061
1.478670
1.536289
1.593910
1.651531
1.709152
1.766773
1.824394
1.882015
1.939636
1.997257
2.054877
2.112498
2.170119
2.227740
2.285361
2.342982
2.400603
2.458224
2.515845
2.573466
2.631087
2.688708
2.746329
2.803950
2.861571
2.919192
2.976813
3.034434
3.092055
3.149676
3.207297
3.264918
3.322539
3.380160
3.437781
3.495402
3.553023
3.610644
3.668784
4.031359
4.031359
4.031442
4.032154
4.035186
4.043610
4.060896
4.089143
4.128028
4.175243
4.227819
4.283255
4.339960
4.397133
4.454448
4.511797
4.569152
4.626509
4.683866
4.741223
4.798579
4.855936
4.913293
4.970650
5.028006
5.085363
5.142720
5.200077
5.257433
5.314790
5.372147
5.429504
5.486860
5.544217
5.601574
5.658931
5.716287
5.773644
5.831001
5.888358
5.945714
6.003071
6.060428
6.117785
6.175141
6.232498
6.289855
6.347211
6.404567
6.461918
6.519233
6.576189
6.627524
6.566614
5.105178
2.190145
1.299807
1.210119
1.246337
1.300464
1.357288
1.414552
1.471892
1.529245
1.586601
1.643958
1.701315
1.758671
1.816028
1.873385
1.930742
1.988098
2.045455
2.102812
2.160169
2.217525
2.274882
2.332239
2.389596
2.446952
2.504309
2.561666
2.619023
2.676379
2.733736
2.791093
2.848450
2.905806
2.963163
3.020520
3.077877
3.135233
3.192590
3.249947
3.307304
3.364660
3.422017
3.479374
3.536731
3.594088
3.652003
4.031359
4.031359
4.031415
4.031927
4.034216
4.040904
4.055316
4.079958
4.115260
4.159559
4.210132
4.264360
4.320377
4.377128
4.434131
4.491206
4.548298
4.605392
4.662487
4.719582
4.776677
4.833772
4.890867
4.947962
5.005057
5.062152
5.119247
5.176342
5.233437
5.290532
5.347627
5.404722
5.461817
5.518912
5.576007
5.633101
5.690196
5.747291
5.804386
5.861481
5.918576
5.975671
6.032766
6.089861
6.146956
6.204051
6.261146
6.318241
6.375335
6.432427
6.489498
6.546379
6.600379
6.597556
5.697976
2.699478
1.392407
1.218835
1.242756
1.294864
1.351151
1.408106
1.465175
1.522266
1.579360
1.636454
1.693549
1.750644
1.807739
1.864834
1.921929
1.979024
2.036119
2.093214
2.150309
2.207404
2.264499
2.321594
2.378689
2.435784
2.492879
2.549974
2.607069
2.664164
2.721259
2.778354
2.835449
2.892543
2.949638
3.006733
3.063828
3.120923
3.178018
3.235113
3.292208
3.349303
3.406398
3.463493
3.520588
3.577684
3.635375
4.031359
4.031359
4.031398
4.031764
4.033484
4.038758
4.050672
4.071964
4.103705
4.144900
4.193191
4.245959
4.301118
4.357360
4.414017
4.470808
4.527634
4.584468
4.641303
4.698139
4.754974
4.811810
4.868646
4.925481
4.982317
5.039152
5.095988
5.152823
5.209659
5.266494
5.323330
5.380165
5.437001
5.493837
5.550672
5.607508
5.664343
5.721179
5.778014
5.834850
5.891685
5.948521
6.005356
6.062192
6.119028
6.175863
6.232699
6.289534
6.346369
6.403203
6.460026
6.516746
6.571980
6.598470
6.104544
3.344679
1.537954
1.235795
1.240408
1.289497
1.345099
1.401724
1.458521
1.515350
1.572184
1.629019
1.685855
1.742690
1.799526
1.856361
1.913197
1.970033
2.026868
2.083704
2.140539
2.197375
2.254210
2.311046
2.367881
2.424717
2.481552
2.538388
2.595224
2.652059
2.708895
2.765730
2.822566
2.879401
2.936237
2.993072
3.049908
3.106743
3.163579
3.220415
3.277250
3.334086
3.390921
3.447757
3.504592
3.561429
3.618900
4.031359
4.031359
4.031385
4.031647
4.032934
4.037067
4.046838
4.065071
4.093346
4.131316
4.177080
4.228131
4.282239
4.337859
4.394116
4.450603
4.507160
4.563734
4.620312
4.676890
4.733468
4.790047
4.846625
4.903204
4.959782
5.016361
5.072939
5.129518
5.186096
5.242675
5.299253
5.355832
5.412410
5.468989
5.525567
5.582146
5.638724
5.695303
5.751881
5.808460
5.865038
5.921617
5.978195
6.034774
6.091352
6.147931
6.204509
6.261088
6.317666
6.374243
6.430815
6.487331
6.543075
6.584231
6.343050
4.079851
1.760025
1.265704
1.239981
1.284464
1.339148
1.395408
1.451929
1.508497
1.565073
1.621652
1.678230
1.734808
1.791387
1.847965
1.904544
1.961122
2.017701
2.074279
2.130858
2.187436
2.244015
2.300593
2.357172
2.413750
2.470329
2.526907
2.583486
2.640064
2.696643
2.753221
2.809800
2.866378
2.922957
2.979535
3.036114
3.092692
3.149271
3.205849
3.262428
3.319006
3.375585
3.432163
3.488742
3.545321
3.602574
4.031359
4.031359
4.031377
4.031564
4.032523
4.035743
4.043697
4.059179
4.084142
4.118838
4.161871
4.210956
4.263802
4.318660
4.374445
4.430597
4.486875
4.543188
4.599509
4.655833
4.712157
4.768480
4.824804
4.881128
4.937452
4.993775
5.050099
5.106423
5.162747
5.219070
5.275394
5.331718
5.388042
5.444365
5.500689
5.557013
5.613337
5.669660
5.725984
5.782308
5.838632
5.894955
5.951279
6.007603
6.063927
6.120250
6.176574
6.232898
6.289222
6.345545
6.401864
6.458154
6.514041
6.562488
6.463509
4.814595
2.086092
1.315790
1.242564
1.279924
1.333322
1.389161
1.445399
1.501706
1.558027
1.614350
1.670674
1.726998
1.783321
1.839645
1.895969
1.952293
2.008616
2.064940
2.121264
2.177588
2.233911
2.290235
2.346559
2.402883
2.459206
2.515530
2.571854
2.628178
2.684501
2.740825
2.797149
2.853473
2.909797
2.966120
3.022444
3.078768
3.135092
3.191415
3.247739
3.304063
3.360387
3.416710
3.473034
3.529359
3.586396
4.031359
4.031359
4.031371
4.031504
4.032217
4.034712
4.041142
4.054184
4.076035
4.107471
4.147623
4.194510
4.245872
4.299807
4.355026
4.410799
4.466781
4.522829
4.578895
4.634965
4.691036
4.747108
4.803179
4.859250
4.915321
4.971393
5.027464
5.083535
5.139607
5.195678
5.251749
5.307821
5.363892
5.419963
5.476035
5.532106
5.588177
5.644248
5.700320
5.756391
5.812462
5.868534
5.924605
5.980676
6.036748
6.092819
6.148890
6.204962
6.261033
6.317104
6.373173
6.429225
6.485066
6.537094
6.513438
5.445665
2.540280
1.396888
1.249875
1.276129
1.327658
1.382988
1.438930
1.494978
1.551044
1.607115
1.663186
1.719257
1.775328
1.831400
1.887471
1.943542
1.999614
2.055685
2.111756
2.167828
2.223899
2.279970
2.336041
2.392113
2.448184
2.504255
2.560327
2.616398
2.672469
2.728541
2.784612
2.840683
2.896754
2.952826
3.008897
3.064968
3.121040
3.177111
3.233182
3.289254
3.345325
3.401396
3.457468
3.513540
3.570363
4.031359
4.031359
4.031367
4.031462
4.031989
4.033913
4.039078
4.049982
4.068954
4.097201
4.134375
4.178863
4.228520
4.281353
4.335890
4.391223
4.446882
4.502656
4.558466
4.614284
4.670105
4.725926
4.781747
4.837568
4.893389
4.949210
5.005031
5.060853
5.116674
5.172495
5.228316
5.284137
5.339958
5.395779
5.451600
5.507422
5.563243
5.619064
5.674885
5.730706
5.786527
5.842348
5.898169
5.953990
6.009812
6.065633
6.121454
6.177275
6.233096
6.288917
6.344737
6.400547
6.456246
6.509981
6.525038
5.907223
3.128717
1.524619
1.264606
1.273479
1.322216
1.376899
1.432525
1.488310
1.544124
1.599944
1.655765
1.711586
1.767407
1.823228
1.879049
1.934870
1.990691
2.046512
2.102334
2.158155
2.213976
2.269797
2.325618
2.381439
2.437260
2.493081
2.548902
2.604724
2.660545
2.716366
2.772187
2.828008
2.883829
2.939650
2.995471
3.051292
3.107114
3.162935
3.218756
3.274577
3.330398
3.386219
3.442040
3.497863
3.554475
4.031359
4.031359
4.031365
4.031432
4.031821
4.033298
4.037422
4.046473
4.062817
4.087997
4.122149
4.164072
4.211813
4.263354
4.317073
4.371887
4.427186
4.482672
4.538221
4.593788
4.649360
4.704933
4.760506
4.816079
4.871652
4.927225
4.982799
5.038372
5.093945
5.149518
5.205091
5.260664
5.316238
5.371811
5.427384
5.482957
5.538530
5.594103
5.649676
5.705250
5.760823
5.816396
5.871969
5.927542
5.983115
6.038689
6.094262
6.149835
6.205408
6.260981
6.316553
6.372121
6.427628
6.482119
6.516819
6.196279
3.821240
1.720088
1.290943
1.272605
1.317092
1.370908
1.426184
1.481703
1.537266
1.592837
1.648410
1.703983
1.759556
1.815129
1.870702
1.926275
1.981848
2.037422
2.092995
2.148568
2.204141
2.259714
2.315287
2.370861
2.426434
2.482007
2.537580
2.593153
2.648726
2.704299
2.759873
2.815446
2.871019
2.926592
2.982165
3.037738
3.093311
3.148885
3.204458
3.260031
3.315604
3.371177
3.426750
3.482325
3.538728
4.031359
4.031359
4.031363
4.031411
4.031697
4.032825
4.036100
4.043563
4.057538
4.079811
4.110951
4.150184
4.195814
4.245869
4.298619
4.352818
4.407704
4.462879
4.518160
4.573475
4.628799
4.684126
4.739453
4.794781
4.850108
4.905435
4.960763
5.016090
5.071418
5.126745
5.182072
5.237400
5.292727
5.348055
5.403382
5.458709
5.514037
5.569364
5.624691
5.680019
5.735346
5.790674
5.846001
5.901328
5.956656
6.011983
6.067311
6.122638
6.177965
6.233293
6.288620
6.343944
6.399236
6.453999
6.498599
6.353031
4.543626
2.008753
1.335289
1.274502
1.312435
1.365038
1.419910
1.475157
1.530469
1.585793
1.641120
1.696447
1.751774
1.807102
1.862429
1.917757
1.973084
2.028411
2.083739
2.139066
2.194394
2.249721
2.305048
2.360376
2.415703
2.471030
2.526358
2.581685
2.637013
2.692340
2.747667
2.802995
2.858322
2.913650
2.968977
3.024304
3.079632
3.134959
3.190286
3.245614
3.300941
3.356269
3.411596
3.466925
3.523121
4.031359
4.031359
4.031362
4.031395
4.031606
4.032465
4.035051
4.041166
4.053031
4.072586
4.100769
4.137231
4.180581
4.228958
4.280576
4.334044
4.388453
4.443284
4.498284
4.553343
4.608421
4.663503
4.718586
4.773670
4.828754
4.883838
4.938922
4.994005
5.049089
5.104173
5.159257
5.214340
5.269424
5.324508
5.379592
5.434676
5.489759
5.544843
5.599927
5.655011
5.710095
5.765178
5.820262
5.875346
5.930430
5.985514
6.040597
6.095681
6.150765
6.205849
6.260932
6.316014
6.371079
6.425866
6.475414
6.425570
5.197394
2.415135
1.407239
1.280729
1.308482
1.359325
1.413710
1.468671
1.523732
1.578811
1.633894
1.688978
1.744062
1.799145
1.854229
1.909313
1.964397
2.019481
2.074564
2.129648
2.184732
2.239816
2.294900
2.349983
2.405067
2.460151
2.515235
2.570319
2.625402
2.680486
2.735570
2.790654
2.845738
2.900821
2.955905
3.010989
3.066073
3.121156
3.176240
3.231324
3.286408
3.341492
3.396575
3.451661
3.507652
4.031359
4.031359
4.031361
4.031385
4.031539
4.032190
4.034223
4.039203
4.049209
4.066254
4.091577
4.125231
4.166163
4.212680
4.262994
4.315604
4.369452
4.423896
4.478596
4.533393
4.588222
4.643061
4.697903
4.752745
4.807587
4.862430
4.917272
4.972114
5.026957
5.081799
5.136641
5.191484
5.246326
5.301168
5.356011
5.410853
5.465695
5.520538
5.575380
5.630222
5.685065
5.739907
5.794749
5.849592
5.904434
5.959276
6.014119
6.068961
6.123803
6.178646
6.233488
6.288329
6.343161
6.397847
6.449819
6.450311
5.704378
2.950982
1.520665
1.293720
1.305607
1.353828
1.407593
1.462248
1.517056
1.571891
1.626732
1.681574
1.736417
1.791259
1.846101
1.900944
1.955786
2.010628
2.065471
2.120313
2.175155
2.229998
2.284840
2.339682
2.394525
2.449367
2.504209
2.559052
2.613894
2.668736
2.723579
2.778421
2.833263
2.888106
2.942948
2.997790
3.052633
3.107475
3.162317
3.217160
3.272002
3.326844
3.381687
3.436531
3.492319
4.031359
4.031359
4.031360
4.031377
4.031489
4.031982
4.033572
4.037605
4.045989
4.060744
4.083337
4.114188
4.152596
4.197088
4.245927
4.297537
4.350729
4.404730
4.459101
4.513624
4.568203
4.622799
4.677401
4.732003
4.786606
4.841209
4.895812
4.950415
5.005018
5.059621
5.114224
5.168827
5.223430
5.278033
5.332636
5.387239
5.441842
5.496445
5.551048
5.605651
5.660254
5.714857
5.769460
5.824063
5.878666
5.933269
5.987872
6.042475
6.097078
6.151681
6.206284
6.260886
6.315483
6.370004
6.423112
6.449586
6.041715
3.598404
1.694511
1.317236
1.304395
1.348636
1.401571
1.455888
1.510439
1.565032
1.619633
1.674236
1.728839
1.783442
1.838045
1.892648
1.947251
2.001854
2.056457
2.111060
2.165663
2.220266
2.274869
2.329472
2.384075
2.438678
2.493281
2.547883
2.602486
2.657089
2.711692
2.766295
2.820898
2.875501
2.930104
2.984707
3.039310
3.093913
3.148516
3.203119
3.257722
3.312325
3.366928
3.421533
3.477121
4.031359
4.031359
4.031360
4.031372
4.031454
4.031825
4.033063
4.036312
4.043294
4.055981
4.076001
4.104092
4.139908
4.182231
4.229427
4.279888
4.332314
4.385802
4.439808
4.494041
4.548362
4.602715
4.657077
4.711442
4.765808
4.820173
4.874539
4.928905
4.983270
5.037636
5.092002
5.146368
5.200733
5.255099
5.309465
5.363831
5.418196
5.472562
5.526928
5.581293
5.635659
5.690025
5.744391
5.798756
5.853122
5.907488
5.961854
6.016219
6.070585
6.124951
6.179316
6.233682
6.288044
6.342366
6.395949
6.435723
6.236524
4.298392
1.952208
1.357014
1.305764
1.343894
1.395668
1.449595
1.503882
1.558233
1.612596
1.666961
1.721327
1.775692
1.830058
1.884424
1.938789
1.993155
2.047521
2.101887
2.156252
2.210618
2.264984
2.319350
2.373715
2.428081
2.482447
2.536813
2.591178
2.645544
2.699910
2.754275
2.808641
2.863007
2.917373
2.971738
3.026104
3.080470
3.134836
3.189201
3.243567
3.297933
3.352298
3.406666
3.462056
4.031359
4.031359
4.031359
4.031368
4.031428
4.031706
4.032667
4.035271
4.041051
4.051891
4.069512
4.094923
4.128113
4.168148
4.213544
4.262703
4.314240
4.367134
4.420727
4.474646
4.528701
4.582807
4.636930
4.691059
4.745189
4.799320
4.853450
4.907581
4.961711
5.015842
5.069972
5.124103
5.178233
5.232364
5.286495
5.340625
5.394756
5.448886
5.503017
5.557147
5.611278
5.665408
5.719539
5.773669
5.827800
5.881930
5.936061
5.990191
6.044322
6.098452
6.152583
6.206713
6.260842
6.314949
6.368668
6.415202
6.334283
4.961082
2.317801
1.421632
1.311146
1.339825
1.389919
1.443375
1.497386
1.551494
1.605620
1.659749
1.713880
1.768010
1.822141
1.876271
1.930402
1.984532
2.038663
2.092793
2.146924
2.201054
2.255185
2.309315
2.363446
2.417576
2.471707
2.525838
2.579968
2.634099
2.688229
2.742360
2.796490
2.850621
2.904751
2.958882
3.013012
3.067143
3.121273
3.175404
3.229534
3.283665
3.337795
3.391928
3.447121
4.031359
4.031359
4.031359
4.031365
4.031409
4.031617
4.032360
4.034437
4.039196
4.048400
4.063811
4.086647
4.117214
4.154872
4.198325
4.246029
4.296548
4.348753
4.401874
4.455447
4.509220
4.563075
4.616959
4.670853
4.724749
4.778646
4.832544
4.886441
4.940338
4.994236
5.048133
5.102031
5.155928
5.209825
5.263723
5.317620
5.371517
5.425415
5.479312
5.533209
5.587107
5.641004
5.694901
5.748799
5.802696
5.856594
5.910491
5.964388
6.018286
6.072183
6.126080
6.179978
6.233874
6.287758
6.341438
6.391365
6.374253
5.502404
2.806446
1.523513
1.322762
1.336781
1.384380
1.437235
1.490950
1.544813
1.598704
1.652600
1.706497
1.760394
1.814292
1.868189
1.922086
1.975984
2.029881
2.083778
2.137676
2.191573
2.245471
2.299368
2.353265
2.407163
2.461060
2.514957
2.568855
2.622752
2.676649
2.730547
2.784444
2.838341
2.892239
2.946136
3.000034
3.053931
3.107828
3.161726
3.215623
3.269520
3.323418
3.377317
3.432316
4.031359
4.031359
4.031359
4.031363
4.031395
4.031551
4.032122
4.033772
4.037669
4.045438
4.058832
4.079226
4.107204
4.142425
4.183811
4.229913
4.279276
4.330687
4.383266
4.436452
4.489925
4.543519
4.597162
4.650821
4.704485
4.758151
4.811817
4.865483
4.919149
4.972815
5.026482
5.080148
5.133814
5.187480
5.241146
5.294813
5.348479
5.402145
5.455811
5.509477
5.563144
5.616810
5.670476
5.724142
5.777808
5.831475
5.885141
5.938807
5.992473
6.046139
6.099805
6.153472
6.207137
6.260796
6.314347
6.365930
6.382392
5.883003
3.409429
1.679737
1.344030
1.335311
1.379140
1.431191
1.484577
1.538192
1.591848
1.645512
1.699178
1.752844
1.806510
1.860176
1.913843
1.967509
2.021175
2.074841
2.128507
2.182173
2.235840
2.289506
2.343172
2.396838
2.450504
2.504171
2.557837
2.611503
2.665169
2.718835
2.772502
2.826168
2.879834
2.933500
2.987166
3.040833
3.094499
3.148165
3.201831
3.255497
3.309164
3.362832
3.417639
4.031359
4.031359
4.031359
4.031362
4.031385
4.031501
4.031939
4.033244
4.036419
4.042941
4.054510
4.072610
4.098064
4.130818
4.170035
4.214396
4.262467
4.312970
4.364927
4.417676
4.470819
4.524142
4.577538
4.630962
4.684395
4.737831
4.791267
4.844704
4.898141
4.951578
5.005015
5.058452
5.111889
5.165326
5.218763
5.272200
5.325637
5.379074
5.432511
5.485948
5.539385
5.592822
5.646259
5.699696
5.753134
5.806571
5.860008
5.913445
5.966882
6.020319
6.073756
6.127192
6.180629
6.234062
6.287438
6.339777
6.373704
6.115544
4.081015
1.911827
1.380142
1.336270
1.374335
1.425263
1.478270
1.531629
1.585051
1.638485
1.691921
1.745358
1.798795
1.852232
1.905669
1.959106
2.012543
2.065980
2.119417
2.172854
2.226291
2.279728
2.333165
2.386602
2.440039
2.493476
2.546913
2.600350
2.653787
2.707224
2.760661
2.814098
2.867535
2.920972
2.974409
3.027846
3.081283
3.134720
3.188157
3.241594
3.295031
3.348471
3.403087
4.031359
4.031359
4.031359
4.031361
4.031378
4.031464
4.031799
4.032826
4.035401
4.040846
4.050781
4.066749
4.089768
4.120055
4.157024
4.199521
4.246163
4.295638
4.346880
4.399132
4.451912
4.504945
4.558087
4.611274
4.664476
4.717684
4.770893
4.824103
4.877313
4.930522
4.983732
5.036942
5.090152
5.143362
5.196571
5.249781
5.302991
5.356201
5.409410
5.462620
5.515830
5.569040
5.622249
5.675459
5.728669
5.781879
5.835089
5.888298
5.941508
5.994718
6.047928
6.101137
6.154347
6.207555
6.260731
6.313360
6.356311
6.240055
4.741657
2.242881
1.438845
1.340987
1.370180
1.419488
1.472035
1.525125
1.578313
1.631518
1.684727
1.737936
1.791146
1.844356
1.897566
1.950775
2.003985
2.057195
2.110405
2.163614
2.216824
2.270034
2.323244
2.376454
2.429663
2.482873
2.536083
2.589293
2.642502
2.695712
2.748922
2.802132
2.855341
2.908551
2.961761
3.014971
3.068181
3.121390
3.174600
3.227810
3.281020
3.334232
3.388660
4.031359
4.031359
4.031359
4.031360
4.031372
4.031436
4.031692
4.032498
4.034576
4.039098
4.047582
4.061586
4.082281
4.110129
4.144798
4.185322
4.230405
4.278727
4.329155
4.380841
4.433214
4.485933
4.538811
4.591757
4.644728
4.697709
4.750692
4.803676
4.856661
4.909645
4.962630
5.015614
5.068599
5.121583
5.174567
5.227552
5.280536
5.333521
5.386505
5.439490
5.492474
5.545459
5.598443
5.651428
5.704412
5.757397
5.810381
5.863365
5.916350
5.969334
6.022319
6.075303
6.128288
6.181271
6.234238
6.286913
6.334485
6.296909
5.306413
2.689942
1.531354
1.351511
1.367010
1.413921
1.465880
1.518682
1.571632
1.624610
1.677593
1.730577
1.783562
1.836546
1.889531
1.942515
1.995500
2.048484
2.101469
2.154453
2.207438
2.260422
2.313406
2.366391
2.419375
2.472360
2.525344
2.578329
2.631313
2.684298
2.737282
2.790267
2.843251
2.896236
2.949220
3.002204
3.055189
3.108173
3.161158
3.214142
3.267127
3.320114
3.374355
4.031359
4.031359
4.031359
4.031360
4.031368
4.031416
4.031610
4.032240
4.033910
4.037647
4.044853
4.057064
4.075562
4.101025
4.133367
4.171828
4.215230
4.262275
4.311783
4.362823
4.414738
4.467113
4.519712
4.572411
4.625149
4.677903
4.730662
4.783422
4.836183
4.888944
4.941705
4.994466
5.047227
5.099989
5.152750
5.205511
5.258272
5.311033
5.363794
5.416555
5.469316
5.522077
5.574838
5.627599
5.680360
5.733121
5.785882
5.838643
5.891404
5.944165
5.996927
6.049688
6.102449
6.155209
6.207960
6.260557
6.310451
6.315134
5.723641
3.250944
1.673161
1.370976
1.365344
1.408646
1.459819
1.512301
1.565010
1.617761
1.670520
1.723281
1.776042
1.828803
1.881564
1.934325
1.987086
2.039847
2.092608
2.145369
2.198130
2.250891
2.303652
2.356413
2.409174
2.461935
2.514697
2.567458
2.620219
2.672980
2.725741
2.778502
2.831263
2.884024
2.936785
2.989546
3.042307
3.095068
3.147829
3.200590
3.253351
3.306115
3.360172
4.031359
4.031359
4.031359
4.031360
4.031366
4.031401
4.031548
4.032039
4.033375
4.036449
4.042537
4.053126
4.069567
4.092720
4.122733
4.159063
4.200674
4.246320
4.294797
4.345103
4.396500
4.448495
4.500794
4.553236
4.605738
4.658265
4.710801
4.763339
4.815878
4.868418
4.920957
4.973497
5.026036
5.078576
5.131115
5.183655
5.236194
5.288734
5.341273
5.393813
5.446353
5.498892
5.551432
5.603971
5.656511
5.709050
5.761590
5.814129
5.866669
5.919208
5.971748
6.024287
6.076827
6.129366
6.181900
6.234351
6.285367
6.312403
5.991859
3.891202
1.884044
1.404132
1.365987
1.403797
1.453875
1.505985
1.558446
1.610970
1.663507
1.716045
1.768585
1.821124
1.873664
1.926203
1.978743
2.031282
2.083822
2.136362
2.188901
2.241441
2.293980
2.346520
2.399059
2.451599
2.504138
2.556678
2.609217
2.661757
2.714296
2.766836
2.819376
2.871915
2.924455
2.976994
3.029534
3.082073
3.134613
3.187152
3.239692
3.292234
3.346108
4.031359
4.031359
4.031359
4.031359
4.031364
4.031390
4.031501
4.031882
4.032947
4.035463
4.040581
4.049714
4.064247
4.085184
4.112890
4.147042
4.186767
4.230897
4.278230
4.327709
4.378518
4.430089
4.482063
4.534234
4.586495
4.638794
4.691106
4.743424
4.795743
4.848063
4.900383
4.952703
5.005023
5.057342
5.109662
5.161982
5.214302
5.266622
5.318942
5.371262
5.423582
5.475901
5.528221
5.580541
5.632861
5.685181
5.737501
5.789821
5.842140
5.894460
5.946780
5.999100
6.051420
6.103740
6.156057
6.208329
6.259835
6.298602
6.143573
4.541734
2.185939
1.458036
1.370181
1.399581
1.448083
1.499740
1.551940
1.604237
1.656552
1.708871
1.761190
1.813510
1.865830
1.918150
1.970470
2.022790
2.075110
2.127429
2.179749
2.232069
2.284389
2.336709
2.389029
2.441349
2.493669
2.545988
2.598308
2.650628
2.702948
2.755268
2.807588
2.859908
2.912228
2.964547
3.016867
3.069187
3.121507
3.173827
3.226147
3.278470
3.332163
4.031359
4.031359
4.031359
4.031359
4.031362
4.031381
4.031466
4.031760
4.032606
4.034657
4.038938
4.046774
4.059551
4.078382
4.103826
4.135775
4.173534
4.216041
4.262117
4.310670
4.360815
4.411909
4.463525
4.515410
4.567421
4.619488
4.671578
4.723676
4.775776
4.827878
4.879980
4.932082
4.984184
5.036286
5.088388
5.140490
5.192592
5.244694
5.296796
5.348898
5.401001
5.453103
5.505205
5.557307
5.609409
5.661511
5.713613
5.765715
5.817817
5.869919
5.922021
5.974123
6.026225
6.078327
6.130427
6.182504
6.234170
6.279048
6.218449
5.120193
2.596764
1.542898
1.379835
1.396318
1.442496
1.493576
1.545493
1.597560
1.649655
1.701756
1.753858
1.805960
1.858062
1.910164
1.962266
2.014368
2.066470
2.118572
2.170674
2.222776
2.274878
2.326980
2.379082
2.431184
2.483286
2.535388
2.587490
2.639592
2.691694
2.743796
2.795898
2.848001
2.900103
2.952205
3.004307
3.056409
3.108511
3.160613
3.212715
3.264820
3.318334
4.031359
4.031359
4.031359
4.031359
4.031361
4.031375
4.031439
4.031666
4.032336
4.034000
4.037564
4.044254
4.055427
4.072274
4.095521
4.125264
4.160997
4.201782
4.246491
4.294016
4.343414
4.393971
4.445191
4.496766
4.548517
4.600348
4.652213
4.704092
4.755976
4.807861
4.859747
4.911633
4.963519
5.015405
5.067291
5.119177
5.171063
5.222949
5.274835
5.326721
5.378607
5.430493
5.482379
5.534265
5.586151
5.638037
5.689923
5.741809
5.793695
5.845581
5.897467
5.949353
6.001239
6.053125
6.105010
6.156882
6.208534
6.256557
6.247779
5.566777
3.119146
1.672855
1.397853
1.394506
1.437198
1.487505
1.539108
1.590941
1.642817
1.694701
1.746586
1.798472
1.850358
1.902244
1.954130
2.006016
2.057902
2.109788
2.161674
2.213560
2.265446
2.317332
2.369218
2.421104
2.472990
2.524876
2.576762
2.628648
2.680534
2.732420
2.784306
2.836192
2.888078
2.939964
2.991850
3.043736
3.095622
3.147508
3.199394
3.251284
3.304620
4.031359
4.031359
4.031359
4.031359
4.031361
4.031371
4.031418
4.031593
4.032121
4.033467
4.036421
4.042104
4.051825
4.066819
4.087949
4.115504
4.149168
4.188147
4.231385
4.277778
4.326341
4.376294
4.427073
4.478311
4.529785
4.581374
4.633012
4.684672
4.736340
4.788010
4.839681
4.891353
4.943025
4.994697
5.046368
5.098040
5.149712
5.201384
5.253056
5.304727
5.356399
5.408071
5.459743
5.511414
5.563086
5.614758
5.666430
5.718102
5.769773
5.821445
5.873117
5.924789
5.976461
6.028132
6.079804
6.131468
6.183013
6.232611
6.251718
5.867335
3.727316
1.866130
1.428616
1.394906
1.432320
1.481551
1.532788
1.584379
1.636035
1.687703
1.739375
1.791046
1.842718
1.894390
1.946061
1.997733
2.049405
2.101077
2.152749
2.204420
2.256092
2.307764
2.359436
2.411108
2.462779
2.514451
2.566123
2.617795
2.669466
2.721138
2.772810
2.824482
2.876154
2.927825
2.979497
3.031169
3.082841
3.134512
3.186184
3.237859
3.291021
4.031359
4.031359
4.031359
4.031359
4.031360
4.031368
4.031403
4.031537
4.031952
4.033036
4.035474
4.040278
4.048694
4.061970
4.081079
4.106483
4.138056
4.175159
4.216828
4.261986
4.309623
4.358898
4.409184
4.460051
4.511231
4.562566
4.613974
4.665413
4.716866
4.768323
4.819781
4.871240
4.922700
4.974159
5.025618
5.077078
5.128537
5.179996
5.231455
5.282915
5.334374
5.385833
5.437293
5.488752
5.540211
5.591671
5.643130
5.694589
5.746049
5.797508
5.848967
5.900427
5.951886
6.003345
6.054804
6.106259
6.157650
6.207992
6.241957
6.045695
4.362244
2.143421
1.478611
1.398693
1.428063
1.475748
1.526539
1.577874
1.629310
1.680764
1.732223
1.783682
1.835141
1.886600
1.938059
1.989519
2.040978
2.092437
2.143897
2.195356
2.246815
2.298275
2.349734
2.401193
2.452653
2.504112
2.555571
2.607031
2.658490
2.709949
2.761408
2.812868
2.864327
2.915786
2.967246
3.018705
3.070164
3.121624
3.173083
3.224546
3.277533
4.031359
4.031359
4.031359
4.031359
4.031360
4.031365
4.031392
4.031495
4.031820
4.032689
4.034693
4.038736
4.045986
4.057683
4.074877
4.098185
4.127663
4.162835
4.202847
4.246672
4.293287
4.341806
4.391540
4.441998
4.492858
4.543927
4.595099
4.646316
4.697553
4.748797
4.800045
4.851293
4.902541
4.953790
5.005038
5.056287
5.107535
5.158784
5.210033
5.261281
5.312530
5.363778
5.415027
5.466276
5.517524
5.568773
5.620021
5.671270
5.722519
5.773767
5.825016
5.876264
5.927513
5.978761
6.030010
6.081256
6.132467
6.183112
6.224940
6.139175
4.946292
2.522865
1.557205
1.407657
1.424737
1.470150
1.520369
1.571429
1.622641
1.673882
1.725129
1.776377
1.827626
1.878875
1.930123
1.981372
2.032620
2.083869
2.135117
2.186366
2.237615
2.288863
2.340112
2.391360
2.442609
2.493858
2.545106
2.596355
2.647603
2.698852
2.750100
2.801349
2.852598
2.903846
2.955095
3.006343
3.057592
3.108841
3.160089
3.211341
3.264157
4.031359
4.031359
4.031359
4.031359
4.031359
4.031363
4.031383
4.031462
4.031716
4.032411
4.034051
4.037438
4.043654
4.053909
4.069305
4.090588
4.117984
4.151186
4.189467
4.231864
4.277362
4.325043
4.374160
4.424162
4.474674
4.525461
4.576387
4.627379
4.678399
4.729432
4.780469
4.831508
4.882547
4.933587
4.984627
5.035666
5.086706
5.137745
5.188785
5.239824
5.290864
5.341904
5.392943
5.443983
5.495022
5.546062
5.597102
5.648141
5.699181
5.750220
5.801260
5.852299
5.903339
5.954379
6.005418
6.056456
6.107476
6.158187
6.204139
6.180373
5.415047
3.010323
1.677385
1.424515
1.422819
1.464840
1.514294
1.565044
1.616028
1.667057
1.718094
1.769133
1.820172
1.871212
1.922252
1.973291
2.024331
2.075370
2.126410
2.177450
2.228489
2.279529
2.330568
2.381608
2.432647
2.483687
2.534727
2.585766
2.636806
2.687845
2.738885
2.789925
2.840964
2.892004
2.943043
2.994083
3.045122
3.096162
3.147202
3.198245
3.250890
4.031359
4.031359
4.031359
4.031359
4.031359
4.031362
4.031377
4.031437
4.031635
4.032188
4.033525
4.036352
4.041657
4.050604
4.064323
4.083664
4.109010
4.140221
4.176708
4.217588
4.261877
4.308633
4.357064
4.406559
4.456688
4.507171
4.557841
4.608602
4.659405
4.710226
4.761054
4.811885
4.862717
4.913549
4.964381
5.015213
5.066046
5.116878
5.167710
5.218542
5.269375
5.320207
5.371039
5.421872
5.472704
5.523536
5.574368
5.625201
5.676033
5.726865
5.777698
5.828530
5.879362
5.930194
5.981027
6.031858
6.082679
6.133333
6.181408
6.191592
5.743800
3.587063
1.855992
1.453339
1.423038
1.459946
1.508335
1.558723
1.609472
1.660287
1.711116
1.761948
1.812780
1.863612
1.914444
1.965276
2.016109
2.066941
2.117773
2.168606
2.219438
2.270270
2.321102
2.371935
2.422767
2.473599
2.524432
2.575264
2.626096
2.676928
2.727761
2.778593
2.829425
2.880258
2.931090
2.981922
3.032754
3.083587
3.134419
3.185255
3.237732
4.031359
4.031359
4.031359
4.031359
4.031359
4.031361
4.031372
4.031418
4.031571
4.032011
4.033097
4.035445
4.039953
4.047723
4.059890
4.077383
4.100726
4.129942
4.164583
4.203870
4.246858
4.292603
4.340273
4.389203
4.438910
4.489064
4.539463
4.589986
4.640568
4.691177
4.741796
4.792421
4.843047
4.893673
4.944300
4.994926
5.045553
5.096180
5.146806
5.197433
5.248060
5.298686
5.349313
5.399940
5.450566
5.501193
5.551819
5.602446
5.653073
5.703699
5.754326
5.804953
5.855579
5.906206
5.956833
6.007459
6.058079
6.108608
6.157736
6.186284
5.947394
4.202972
2.112504
1.500143
1.426512
1.455666
1.502528
1.552473
1.602972
1.653573
1.704195
1.754820
1.805447
1.856073
1.906700
1.957327
2.007953
2.058580
2.109207
2.159833
2.210460
2.261087
2.311713
2.362340
2.412967
2.463593
2.514220
2.564847
2.615473
2.666100
2.716727
2.767353
2.817980
2.868607
2.919233
2.969860
3.020487
3.071113
3.121740
3.172370
3.224680
4.031359
4.031359
4.031359
4.031359
4.031359
4.031361
4.031369
4.031403
4.031522
4.031870
4.032749
4.034693
4.038506
4.045223
4.055962
4.071711
4.093112
4.120343
4.153106
4.190730
4.232332
4.276978
4.323809
4.372113
4.421352
4.471148
4.521257
4.571532
4.621889
4.672284
4.722696
4.773114
4.823536
4.873958
4.924380
4.974803
5.025226
5.075648
5.126071
5.176494
5.226916
5.277339
5.327762
5.378185
5.428607
5.479030
5.529453
5.579875
5.630298
5.680721
5.731143
5.781566
5.831989
5.882412
5.932834
5.983257
6.033676
6.084045
6.133650
6.172061
6.059502
4.786195
2.464864
1.573587
1.434936
1.452300
1.496927
1.546303
1.596530
1.646915
1.697330
1.747751
1.798173
1.848596
1.899018
1.949441
1.999864
2.050287
2.100709
2.151132
2.201555
2.251977
2.302400
2.352823
2.403245
2.453668
2.504091
2.554514
2.604936
2.655359
2.705782
2.756204
2.806627
2.857050
2.907472
2.957895
3.008318
3.058740
3.109163
3.159590
3.211735
4.031359
4.031359
4.031359
4.031359
4.031359
4.031360
4.031366
4.031392
4.031484
4.031759
4.032468
4.034070
4.037282
4.043063
4.052499
4.066611
4.086145
4.111418
4.142281
4.178185
4.218322
4.261784
4.307696
4.355308
4.404028
4.453430
4.503228
4.553242
4.603368
4.653546
4.703750
4.753964
4.804182
4.854401
4.904621
4.954842
5.005062
5.055282
5.105503
5.155723
5.205943
5.256164
5.306384
5.356605
5.406825
5.457045
5.507266
5.557486
5.607706
5.657927
5.708147
5.758368
5.808588
5.858808
5.909029
5.959249
6.009467
6.059658
6.109430
6.153099
6.113043
5.270500
2.921094
1.685671
1.450867
1.450310
1.491614
1.540228
1.590149
1.640312
1.690520
1.740738
1.790958
1.841178
1.891399
1.941619
1.991839
2.042060
2.092280
2.142501
2.192721
2.242941
2.293162
2.343382
2.393602
2.443823
2.494043
2.544264
2.594484
2.644704
2.694925
2.745145
2.795365
2.845586
2.895806
2.946027
2.996247
3.046467
3.096688
3.146912
3.198893
4.031359
4.031359
4.031359
4.031359
4.031359
4.031360
4.031364
4.031384
4.031455
4.031671
4.032241
4.033557
4.036252
4.041206
4.049459
4.062048
4.079797
4.103153
4.132111
4.166250
4.204851
4.247046
4.291959
4.338807
4.386954
4.435923
4.485383
4.535121
4.585005
4.634964
4.684958
4.734967
4.784983
4.835001
4.885020
4.935040
4.985060
5.035079
5.085099
5.135119
5.185138
5.235158
5.285178
5.335197
5.385217
5.435237
5.485256
5.535276
5.585296
5.635315
5.685335
5.735355
5.785374
5.835394
5.885414
5.935433
5.985452
6.035455
6.085229
6.131664
6.132021
5.622919
3.467926
1.852026
1.478125
1.450401
1.486716
1.534271
1.583832
1.633764
1.683766
1.733782
1.783801
1.833820
1.883840
1.933860
1.983879
2.033899
2.083919
2.133938
2.183958
2.233978
2.283997
2.334017
2.384037
2.434056
2.484076
2.534096
2.584115
2.634135
2.684155
2.734174
2.784194
2.834214
2.884233
2.934253
2.984273
3.034292
3.084312
3.134336
3.186155
4.031359
4.031359
4.031359
4.031359
4.031359
4.031360
4.031363
4.031378
4.031432
4.031602
4.032059
4.033135
4.035388
4.039615
4.046802
4.057982
4.074038
4.095530
4.122592
4.154934
4.191937
4.232787
4.276620
4.322632
4.370146
4.418637
4.467729
4.517171
4.566804
4.616538
4.666320
4.716124
4.765938
4.815756
4.865576
4.915396
4.965217
5.015037
5.064858
5.114679
5.164499
5.214320
5.264140
5.313961
5.363781
5.413602
5.463423
5.513243
5.563064
5.612884
5.662705
5.712525
5.762346
5.812167
5.861987
5.911808
5.961628
6.011439
6.061124
6.108977
6.131524
5.849678
4.062978
2.090963
1.522324
1.453642
1.482427
1.528466
1.577586
1.627272
1.677066
1.726881
1.776701
1.826521
1.876341
1.926162
1.975982
2.025803
2.075624
2.125444
2.175265
2.225085
2.274906
2.324726
2.374547
2.424368
2.474188
2.524009
2.573829
2.623650
2.673470
2.723291
2.773112
2.822932
2.872753
2.922573
2.972394
3.022215
3.072035
3.121860
3.173519
4.031359
4.031359
4.031359
4.031359
4.031359
4.031359
4.031362
4.031373
4.031415
4.031548
4.031912
4.032790
4.034666
4.038258
4.044490
4.054375
4.068836
4.088529
4.113717
4.144244
4.179596
4.219029
4.261704
4.306806
4.353623
4.401587
4.450276
4.499398
4.548767
4.598267
4.647834
4.697432
4.747046
4.796665
4.846286
4.895909
4.945532
4.995155
5.044778
5.094401
5.144024
5.193647
5.243270
5.292893
5.342516
5.392139
5.441762
5.491385
5.541008
5.590632
5.640255
5.689878
5.739501
5.789124
5.838747
5.888370
5.937993
5.987611
6.037158
6.085698
6.120330
5.979925
4.640540
2.419982
1.591527
1.461648
1.479042
1.522868
1.571420
1.620838
1.670421
1.720036
1.769657
1.819279
1.868902
1.918525
1.968148
2.017772
2.067395
2.117018
2.166641
2.216264
2.265887
2.315510
2.365133
2.414756
2.464379
2.514002
2.563625
2.613248
2.662871
2.712494
2.762117
2.811740
2.861363
2.910987
2.960610
3.010233
3.059856
3.109483
3.160984
4.031359
4.031359
4.031359
4.031359
4.031359
4.031359
4.031361
4.031369
4.031401
4.031505
4.031796
4.032509
4.034065
4.037105
4.042487
4.051189
4.064157
4.082126
4.105475
4.134180
4.167840
4.205792
4.247233
4.291350
4.337404
4.384787
4.433033
4.481810
4.530897
4.580154
4.629501
4.678892
4.728304
4.777725
4.827150
4.876576
4.926003
4.975430
5.024857
5.074284
5.123711
5.173138
5.222565
5.271992
5.321419
5.370846
5.420274
5.469701
5.519128
5.568555
5.617982
5.667409
5.716836
5.766263
5.815690
5.865117
5.914544
5.963969
6.013354
6.062182
6.103352
6.045980
5.134593
2.848490
1.696893
1.476848
1.477011
1.517560
1.565349
1.614464
1.663830
1.713244
1.762669
1.812095
1.861522
1.910949
1.960377
2.009804
2.059231
2.108658
2.158085
2.207512
2.256939
2.306366
2.355793
2.405220
2.454648
2.504075
2.553502
2.602929
2.652356
2.701783
2.751210
2.800637
2.850064
2.899491
2.948919
2.998346
3.047773
3.097204
3.148548
4.031359
4.031359
4.031359
4.031359
4.031359
4.031359
4.031360
4.031367
4.031391
4.031472
4.031703
4.032281
4.033566
4.036130
4.040757
4.048386
4.059966
4.076292
4.097850
4.124739
4.156679
4.193092
4.233228
4.276285
4.321509
4.368254
4.416014
4.464414
4.513198
4.562201
4.611321
4.660502
4.709712
4.758935
4.808164
4.857395
4.906627
4.955860
5.005093
5.054325
5.103558
5.152791
5.202023
5.251256
5.300489
5.349721
5.398954
5.448187
5.497419
5.546652
5.595885
5.645117
5.694350
5.743583
5.792816
5.842048
5.891281
5.940512
5.989721
6.038622
6.083294
6.073042
5.506113
3.367412
1.852988
1.502848
1.477018
1.512668
1.559397
1.608154
1.657294
1.706508
1.755736
1.804968
1.854200
1.903433
1.952666
2.001898
2.051131
2.100364
2.149597
2.198829
2.248062
2.297295
2.346527
2.395760
2.444993
2.494225
2.543458
2.592691
2.641923
2.691156
2.740389
2.789622
2.838854
2.888087
2.937320
2.986552
3.035785
3.085022
3.136210
4.031359
4.031359
4.031359
4.031359
4.031359
4.031359
4.031360
4.031365
4.031383
4.031446
4.031629
4.032096
4.033155
4.035308
4.039271
4.045931
4.056228
4.070999
4.090824
4.115917
4.146117
4.180944
4.219709
4.261634
4.305958
4.352006
4.399231
4.447219
4.495678
4.544411
4.593296
4.642262
4.691269
4.740294
4.789328
4.838365
4.887404
4.936444
4.985484
5.034523
5.083563
5.132603
5.181643
5.230683
5.279722
5.328762
5.377802
5.426842
5.475882
5.524921
5.573961
5.623001
5.672041
5.721081
5.770120
5.819160
5.868200
5.917239
5.966266
6.015121
6.061634
6.077644
5.753525
3.940916
2.077037
1.544928
1.480093
1.508383
1.553599
1.601915
1.650813
1.699824
1.748858
1.797897
1.846936
1.895976
1.945016
1.994055
2.043095
2.092135
2.141175
2.190215
2.239254
2.288294
2.337334
2.386374
2.435414
2.484453
2.533493
2.582533
2.631573
2.680613
2.729652
2.778692
2.827732
2.876772
2.925812
2.974852
3.023891
3.072936
3.123969
4.031359
4.031359
4.031359
4.031359
4.031359
4.031359
4.031360
4.031363
4.031377
4.031426
4.031570
4.031946
4.032815
4.034617
4.037999
4.043789
4.052907
4.066217
4.084373
4.107701
4.136156
4.169359
4.206694
4.247418
4.290771
4.336059
4.382699
4.430236
4.478342
4.526787
4.575427
4.624173
4.672974
4.721801
4.770640
4.819485
4.868332
4.917180
4.966028
5.014876
5.063725
5.112573
5.161422
5.210270
5.259118
5.307967
5.356815
5.405664
5.454512
5.503361
5.552209
5.601057
5.649906
5.698754
5.747603
5.796451
5.845300
5.894147
5.942989
5.991734
6.039178
6.069685
5.900981
4.509332
2.385952
1.610642
1.487788
1.504998
1.548011
1.595756
1.644390
1.693195
1.742034
1.790881
1.839729
1.888577
1.937425
1.986274
2.035122
2.083971
2.132819
2.181667
2.230516
2.279364
2.328213
2.377061
2.425910
2.474758
2.523606
2.572455
2.621303
2.670152
2.719000
2.767849
2.816697
2.865545
2.914394
2.963242
3.012091
3.060944
3.111825
4.031359
4.031359
4.031359
4.031359
4.031359
4.031359
4.031359
4.031362
4.031373
4.031411
4.031524
4.031826
4.032537
4.034040
4.036914
4.041928
4.049969
4.061913
4.078475
4.100079
4.126793
4.158345
4.194198
4.233655
4.275969
4.320433
4.366433
4.413478
4.461198
4.509336
4.557718
4.606236
4.654827
4.703454
4.752099
4.800752
4.849408
4.898066
4.946724
4.995382
5.044041
5.092699
5.141358
5.190016
5.238675
5.287334
5.335992
5.384651
5.433309
5.481968
5.530626
5.579285
5.627943
5.676602
5.725260
5.773919
5.822577
5.871236
5.919890
5.968491
6.016366
6.054824
5.979427
5.008250
2.789968
1.710427
1.502422
1.502953
1.542716
1.589694
1.638026
1.686619
1.735264
1.783919
1.832577
1.881236
1.929894
1.978553
2.027211
2.075870
2.124528
2.173187
2.221845
2.270504
2.319162
2.367821
2.416479
2.465138
2.513797
2.562455
2.611114
2.659772
2.708431
2.757089
2.805748
2.854406
2.903065
2.951723
3.000382
3.049045
3.099775
4.031359
4.031359
4.031359
4.031359
4.031359
4.031359
4.031359
4.031361
4.031369
4.031398
4.031488
4.031730
4.032309
4.033558
4.035992
4.040317
4.047380
4.058055
4.073103
4.093033
4.118023
4.147907
4.182234
4.220364
4.261572
4.305147
4.350450
4.396955
4.444257
4.492062
4.540170
4.588451
4.636828
4.685253
4.733703
4.782165
4.830631
4.879100
4.927570
4.976040
5.024510
5.072980
5.121450
5.169920
5.218390
5.266860
5.315330
5.363801
5.412271
5.460741
5.509211
5.557681
5.606151
5.654621
5.703092
5.751562
5.800032
5.848502
5.896970
5.945407
5.993439
6.036222
6.014736
5.394517
3.283189
1.857917
1.527423
1.502915
1.537839
1.583752
1.631726
1.680097
1.728546
1.777012
1.825481
1.873951
1.922421
1.970891
2.019362
2.067832
2.116302
2.164772
2.213242
2.261712
2.310182
2.358652
2.407123
2.455593
2.504063
2.552533
2.601003
2.649473
2.697943
2.746413
2.794884
2.843354
2.891824
2.940294
2.988764
3.037239
3.087819
4.031359
4.031359
4.031359
4.031359
4.031359
4.031359
4.031359
4.031361
4.031367
4.031389
4.031459
4.031652
4.032124
4.033158
4.035212
4.038928
4.045107
4.054611
4.068229
4.086545
4.109837
4.138046
4.170812
4.207560
4.247599
4.290220
4.334767
4.380684
4.427529
4.474974
4.522789
4.570822
4.618978
4.667198
4.715452
4.763723
4.812000
4.860281
4.908564
4.956846
5.005130
5.053413
5.101696
5.149979
5.198262
5.246545
5.294829
5.343112
5.391395
5.439678
5.487961
5.536244
5.584528
5.632811
5.681094
5.729377
5.777660
5.825943
5.874225
5.922490
5.970527
6.015631
6.024641
5.659821
3.835245
2.069334
1.567788
1.505883
1.533572
1.577967
1.625497
1.673630
1.721882
1.770159
1.818440
1.866723
1.915006
1.963289
2.011573
2.059856
2.108139
2.156422
2.204705
2.252988
2.301272
2.349555
2.397838
2.446121
2.494404
2.542688
2.590971
2.639254
2.687537
2.735820
2.784103
2.832387
2.880670
2.928953
2.977236
3.025524
3.075956
4.031359
4.031359
4.031359
4.031359
4.031359
4.031359
4.031359
4.031360
4.031365
4.031382
4.031437
4.031591
4.031973
4.032827
4.034553
4.037735
4.043120
4.051547
4.063823
4.080592
4.102223
4.128760
4.159939
4.195258
4.234067
4.275670
4.319401
4.364678
4.411024
4.458078
4.505580
4.553351
4.601277
4.649289
4.697345
4.745424
4.793513
4.841608
4.889704
4.937801
4.985899
5.033996
5.082094
5.130191
5.178289
5.226387
5.274484
5.322582
5.370680
5.418777
5.466875
5.514973
5.563070
5.611168
5.659266
5.707363
5.755461
5.803559
5.851656
5.899743
5.947702
5.994016
6.020084
5.823210
4.392141
2.360932
1.630640
1.513359
1.530203
1.572394
1.619349
1.667219
1.715270
1.763358
1.811454
1.859551
1.907648
1.955746
2.003844
2.051941
2.100039
2.148137
2.196234
2.244332
2.292430
2.340527
2.388625
2.436723
2.484820
2.532918
2.581016
2.629113
2.677211
2.725308
2.773406
2.821504
2.869601
2.917699
2.965797
3.013900
3.064185
4.031359
4.031359
4.031359
4.031359
4.031359
4.031359
4.031359
4.031360
4.031363
4.031377
4.031419
4.031541
4.031850
4.032553
4.034000
4.036714
4.041390
4.048833
4.059856
4.075150
4.095164
4.120044
4.149620
4.183469
4.220993
4.261516
4.304371
4.348952
4.394756
4.441386
4.488549
4.536041
4.583729
4.631526
4.679382
4.727268
4.775169
4.823078
4.870989
4.918902
4.966815
5.014729
5.062642
5.110556
5.158469
5.206383
5.254296
5.302210
5.350124
5.398037
5.445951
5.493864
5.541778
5.589691
5.637605
5.685519
5.733432
5.781346
5.829259
5.877166
5.925002
5.971912
6.007455
5.913659
4.891942
2.743373
1.725792
1.527568
1.528168
1.567118
1.613299
1.660868
1.708712
1.756610
1.804521
1.852433
1.900347
1.948260
1.996174
2.044087
2.092001
2.139915
2.187828
2.235742
2.283655
2.331569
2.379482
2.427396
2.475310
2.523223
2.571137
2.619050
2.666964
2.714877
2.762791
2.810705
2.858618
2.906532
2.954445
3.002364
3.052504
4.031359
4.031359
4.031359
4.031359
4.031359
4.031359
4.031359
4.031360
4.031362
4.031372
4.031406
4.031502
4.031752
4.032328
4.033536
4.035844
4.039888
4.046437
4.056297
4.070193
4.088645
4.111890
4.139856
4.172203
4.208390
4.247775
4.289693
4.333524
4.378738
4.424905
4.471703
4.518898
4.566334
4.613909
4.661561
4.709254
4.756967
4.804690
4.852418
4.900147
4.947878
4.995608
5.043339
5.091070
5.138801
5.186532
5.234263
5.281994
5.329724
5.377455
5.425186
5.472917
5.520648
5.568379
5.616110
5.663841
5.711571
5.759302
5.807033
5.854760
5.902447
5.949612
5.990382
5.957211
5.288971
3.213145
1.866060
1.551790
1.528119
1.562265
1.607371
1.654581
1.702206
1.749915
1.797641
1.845371
1.893101
1.940832
1.988563
2.036294
2.084025
2.131755
2.179486
2.227217
2.274948
2.322679
2.370410
2.418141
2.465872
2.513602
2.561333
2.609064
2.656795
2.704526
2.752257
2.799988
2.847719
2.895450
2.943180
2.990917
3.040912
4.031359
4.031359
4.031359
4.031359
4.031359
4.031359
4.031359
4.031359
4.031361
4.031369
4.031395
4.031471
4.031672
4.032144
4.033149
4.035104
4.038589
4.044330
4.053117
4.065695
4.082645
4.104287
4.130646
4.161466
4.196274
4.234464
4.275385
4.318410
4.362984
4.408649
4.455050
4.501927
4.549097
4.596442
4.643885
4.691381
4.738906
4.786444
4.833988
4.881536
4.929084
4.976634
5.024183
5.071733
5.119282
5.166832
5.214381
5.261931
5.309480
5.357030
5.404580
5.452129
5.499679
5.547228
5.594778
5.642328
5.689877
5.737427
5.784976
5.832524
5.880048
5.927277
5.970900
5.972534
5.569330
3.744383
2.066751
1.590782
1.531034
1.558027
1.601603
1.648365
1.695755
1.743271
1.790813
1.838361
1.885911
1.933460
1.981010
2.028559
2.076109
2.123658
2.171208
2.218758
2.266307
2.313857
2.361406
2.408956
2.456505
2.504055
2.551605
2.599154
2.646704
2.694253
2.741803
2.789353
2.836902
2.884452
2.932001
2.979556
3.029410
4.031359
4.031359
4.031359
4.031359
4.031359
4.031359
4.031359
4.031359
4.031361
4.031367
4.031387
4.031447
4.031608
4.031993
4.032827
4.034477
4.037470
4.042484
4.050285
4.061628
4.077141
4.097221
4.121984
4.151262
4.184652
4.221597
4.261464
4.303625
4.347509
4.392629
4.438600
4.485133
4.532021
4.579124
4.626352
4.673649
4.720984
4.768337
4.815699
4.863065
4.910434
4.957803
5.005172
5.052542
5.099911
5.147281
5.194651
5.242020
5.289390
5.336760
5.384129
5.431499
5.478869
5.526238
5.573608
5.620978
5.668347
5.715717
5.763087
5.810455
5.857810
5.904998
5.950146
5.971501
5.747127
4.288253
2.343427
1.651299
1.538369
1.554691
1.596051
1.642232
1.689360
1.736679
1.784038
1.831406
1.878775
1.926144
1.973514
2.020883
2.068253
2.115623
2.162992
2.210362
2.257732
2.305101
2.352471
2.399841
2.447210
2.494580
2.541950
2.589319
2.636689
2.684059
2.731428
2.778798
2.826168
2.873537
2.920907
2.968282
3.017994
4.031359
4.031359
4.031359
4.031359
4.031359
4.031359
4.031359
4.031359
4.031360
4.031365
4.031380
4.031428
4.031556
4.031869
4.032560
4.033948
4.036510
4.040873
4.047773
4.057965
4.072111
4.090677
4.113864
4.141593
4.173535
4.209187
4.247946
4.289187
4.332327
4.376858
4.422363
4.468525
4.515111
4.561960
4.608965
4.656059
4.703201
4.750368
4.797549
4.844735
4.891924
4.939114
4.986305
5.033496
5.080687
5.127878
5.175069
5.222260
5.269451
5.316643
5.363834
5.411025
5.458216
5.505407
5.552598
5.599789
5.646980
5.694171
5.741362
5.788553
5.835736
5.882823
5.928754
5.961197
5.848961
4.785784
2.706899
1.742615
1.552275
1.552687
1.590801
1.636197
1.683025
1.730140
1.777315
1.824502
1.871693
1.918883
1.966075
2.013266
2.060457
2.107648
2.154839
2.202030
2.249221
2.296412
2.343603
2.390794
2.437985
2.485177
2.532368
2.579559
2.626750
2.673941
2.721132
2.768323
2.815514
2.862705
2.909896
2.957093
3.006666
4.031359
4.031359
4.031359
4.031359
4.031359
4.031359
4.031359
4.031359
4.031360
4.031363
4.031375
4.031413
4.031515
4.031769
4.032339
4.033503
4.035688
4.039472
4.045553
4.054676
4.067530
4.084636
4.106276
4.132457
4.162929
4.197247
4.234845
4.275112
4.317456
4.361348
4.406349
4.452111
4.498373
4.544953
4.591725
4.638610
4.685557
4.732538
4.779536
4.826543
4.873554
4.920566
4.967580
5.014593
5.061607
5.108621
5.155635
5.202649
5.249663
5.296677
5.343691
5.390704
5.437718
5.484732
5.531746
5.578760
5.625774
5.672788
5.719802
5.766815
5.813824
5.860779
5.907075
5.945715
5.900599
5.190041
3.155413
1.876825
1.575908
1.552660
1.585980
1.630287
1.676753
1.723653
1.770643
1.817651
1.864664
1.911677
1.958691
2.005705
2.052719
2.099733
2.146747
2.193761
2.240774
2.287788
2.334802
2.381816
2.428830
2.475844
2.522858
2.569872
2.616886
2.663899
2.710913
2.757927
2.804941
2.851955
2.898969
2.945989
2.995422
4.031359
4.031359
4.031359
4.031359
4.031359
4.031359
4.031359
4.031359
4.031360
4.031362
4.031371
4.031401
4.031482
4.031688
4.032156
4.033130
4.034988
4.038257
4.043597
4.051735
4.063372
4.079079
4.099208
4.123850
4.152837
4.185787
4.222177
4.261414
4.302908
4.346115
4.390570
4.435898
4.481813
4.528106
4.574635
4.621303
4.668052
4.714845
4.761661
4.808489
4.855322
4.902158
4.948995
4.995833
5.042671
5.089509
5.136347
5.183185
5.230023
5.276860
5.323698
5.370536
5.417374
5.464212
5.511050
5.557888
5.604726
5.651564
5.698402
5.745240
5.792075
5.838879
5.885308
5.927380
5.921362
5.482670
3.666787
2.068406
1.613821
1.555569
1.581782
1.624541
1.670553
1.717220
1.764022
1.810852
1.857688
1.904525
1.951363
1.998201
2.045039
2.091877
2.138715
2.185553
2.232391
2.279229
2.326067
2.372905
2.419743
2.466581
2.513419
2.560257
2.607095
2.653933
2.700771
2.747609
2.794447
2.841285
2.888123
2.934967
2.984264
4.031359
4.031359
4.031359
4.031359
4.031359
4.031359
4.031359
4.031359
4.031359
4.031361
4.031369
4.031391
4.031456
4.031622
4.032006
4.032818
4.034392
4.037208
4.041880
4.049113
4.059612
4.073983
4.092645
4.115766
4.143260
4.174814
4.209952
4.248110
4.288701
4.331173
4.375039
4.419898
4.465438
4.511425
4.557697
4.604141
4.650686
4.697288
4.743921
4.790570
4.837227
4.883887
4.930549
4.977212
5.023875
5.070539
5.117202
5.163865
5.210529
5.257192
5.303856
5.350519
5.397183
5.443846
5.490509
5.537173
5.583836
5.630500
5.677163
5.723826
5.770488
5.817132
5.863561
5.907505
5.923924
5.673198
4.196788
2.332221
1.672452
1.562833
1.578493
1.619015
1.664437
1.710843
1.757452
1.804103
1.850764
1.897427
1.944090
1.990753
2.037417
2.084080
2.130744
2.177407
2.224071
2.270734
2.317397
2.364061
2.410724
2.457388
2.504051
2.550714
2.597378
2.644041
2.690705
2.737368
2.784031
2.830695
2.877358
2.924028
2.973188
4.031359
4.031359
4.031359
4.031359
4.031359
4.031359
4.031359
4.031359
4.031359
4.031361
4.031366
4.031384
4.031435
4.031569
4.031883
4.032558
4.033887
4.036304
4.040379
4.046785
4.056222
4.069327
4.086570
4.108196
4.134198
4.164333
4.198182
4.235212
4.274849
4.316535
4.359767
4.404120
4.449255
4.494915
4.540915
4.587125
4.633460
4.679869
4.726317
4.772787
4.819267
4.865753
4.912241
4.958730
5.005220
5.051710
5.098200
5.144690
5.191180
5.237670
5.284161
5.330651
5.377141
5.423631
5.470121
5.516611
5.563101
5.609592
5.656082
5.702572
5.749061
5.795540
5.841895
5.886829
5.916014
5.785614
4.689618
2.679033
1.760608
1.576545
1.576542
1.613797
1.658421
1.704525
1.750933
1.797406
1.843892
1.890381
1.936871
1.983361
2.029851
2.076341
2.122831
2.169322
2.215812
2.262302
2.308792
2.355282
2.401772
2.448262
2.494753
2.541243
2.587733
2.634223
2.680713
2.727203
2.773693
2.820183
2.866674
2.913170
2.962196
4.031359
4.031359
4.031359
4.031359
4.031359
4.031359
4.031359
4.031359
4.031359
4.031360
4.031364
4.031378
4.031419
4.031526
4.031783
4.032342
4.033461
4.035529
4.039070
4.044724
4.053178
4.065086
4.080965
4.101129
4.125646
4.154349
4.186876
4.222733
4.261367
4.302217
4.344769
4.388576
4.433275
4.478583
4.524293
4.570257
4.616376
4.662586
4.708847
4.755137
4.801442
4.847753
4.894068
4.940385
4.986703
5.033021
5.079339
5.125657
5.171975
5.218293
5.264612
5.310930
5.357248
5.403566
5.449884
5.496202
5.542520
5.588839
5.635157
5.681475
5.727792
5.774104
5.820345
5.865769
5.902173
5.845040
5.098052
3.108363
1.889749
1.599754
1.576566
1.609018
1.652533
1.698272
1.744467
1.790759
1.837071
1.883388
1.929705
1.976024
2.022342
2.068660
2.114978
2.161296
2.207614
2.253932
2.300250
2.346569
2.392887
2.439205
2.485523
2.531841
2.578159
2.624477
2.670796
2.717114
2.763432
2.809750
2.856068
2.902393
2.951285
4.031359
4.031359
4.031359
4.031359
4.031359
4.031359
4.031359
4.031359
4.031359
4.031360
4.031363
4.031374
4.031406
4.031492
4.031701
4.032163
4.033103
4.034866
4.037933
4.042906
4.050454
4.061236
4.075811
4.094551
4.117599
4.144862
4.176040
4.210686
4.248267
4.288233
4.330058
4.373278
4.417506
4.462436
4.507836
4.553540
4.599433
4.645440
4.691512
4.737621
4.783749
4.829887
4.876031
4.922176
4.968323
5.014470
5.060617
5.106765
5.152912
5.199059
5.245207
5.291354
5.337502
5.383649
5.429796
5.475944
5.522091
5.568239
5.614386
5.660534
5.706681
5.752824
5.798927
5.844560
5.885016
5.871178
5.400310
3.601012
2.073594
1.636840
1.579510
1.604869
1.646812
1.692091
1.738054
1.784162
1.830301
1.876446
1.922593
1.968740
2.014888
2.061035
2.107182
2.153330
2.199477
2.245625
2.291772
2.337919
2.384067
2.430214
2.476362
2.522509
2.568657
2.614804
2.660951
2.707099
2.753246
2.799394
2.845541
2.891695
2.940456
4.031359
4.031359
4.031359
4.031359
4.031359
4.031359
4.031359
4.031359
4.031359
4.031360
4.031362
4.031370
4.031396
4.031464
4.031634
4.032015
4.032802
4.034301
4.036949
4.041308
4.048023
4.057754
4.071086
4.088447
4.110050
4.135872
4.165682
4.199079
4.235564
4.274596
4.315647
4.358237
4.401959
4.446481
4.491550
4.536979
4.582636
4.628433
4.674312
4.720238
4.766189
4.812154
4.858126
4.904101
4.950078
4.996055
5.042033
5.088011
5.133989
5.179967
5.225945
5.271923
5.317901
5.363879
5.409857
5.455835
5.501813
5.547791
5.593768
5.639746
5.685724
5.731700
5.777652
5.823333
5.866036
5.877354
5.601821
4.116790
2.326326
1.693970
1.586769
1.601641
1.641318
1.685994
1.731697
1.777616
1.823580
1.869555
1.915533
1.961510
2.007488
2.053466
2.099444
2.145422
2.191400
2.237378
2.283356
2.329334
2.375312
2.421290
2.467268
2.513246
2.559224
2.605202
2.651180
2.697158
2.743135
2.789113
2.835091
2.881076
2.929706
4.031359
4.031359
4.031359
4.031359
4.031359
4.031359
4.031359
4.031359
4.031359
4.031359
4.031361
4.031368
4.031388
4.031442
4.031580
4.031893
4.032550
4.033820
4.036099
4.039908
4.045862
4.054614
4.066770
4.082802
4.102987
4.127376
4.155802
4.187921
4.223268
4.261320
4.301550
4.343467
4.386644
4.430728
4.475442
4.520577
4.565986
4.611565
4.657246
4.702987
4.748761
4.794552
4.840353
4.886159
4.931967
4.977776
5.023585
5.069395
5.115205
5.161014
5.206824
5.252634
5.298444
5.344253
5.390063
5.435873
5.481682
5.527492
5.573302
5.619112
5.664921
5.710730
5.756524
5.802162
5.846082
5.871878
5.723882
4.603098
2.658516
1.779546
1.600382
1.599761
1.636139
1.680001
1.725399
1.771120
1.816910
1.862715
1.908524
1.954334
2.000143
2.045953
2.091763
2.137572
2.183382
2.229192
2.275002
2.320811
2.366621
2.412431
2.458241
2.504050
2.549860
2.595670
2.641479
2.687289
2.733099
2.778909
2.824718
2.870535
2.919035
4.031359
4.031359
4.031359
4.031359
4.031359
4.031359
4.031359
4.031359
4.031359
4.031359
4.031361
4.031366
4.031381
4.031425
4.031536
4.031793
4.032339
4.033413
4.035368
4.038685
4.043946
4.051792
4.062838
4.077596
4.096399
4.119368
4.146404
4.177219
4.211390
4.248418
4.287780
4.328979
4.371572
4.415185
4.459517
4.504341
4.549487
4.594839
4.640316
4.685868
4.731463
4.777081
4.822712
4.868349
4.913989
4.959630
5.005272
5.050915
5.096558
5.142200
5.187843
5.233486
5.279128
5.324771
5.370414
5.416057
5.461699
5.507342
5.552985
5.598628
5.644270
5.689912
5.735546
5.781089
5.825638
5.859714
5.790677
5.013123
3.070582
1.904461
1.623313
1.599864
1.631407
1.674138
1.719166
1.764676
1.810290
1.855926
1.901567
1.947209
1.992852
2.038495
2.084137
2.129780
2.175423
2.221066
2.266708
2.312351
2.357994
2.403636
2.449279
2.494922
2.540565
2.586207
2.631850
2.677493
2.723136
2.768778
2.814421
2.860071
2.908443
4.031359
4.031359
4.031359
4.031359
4.031359
4.031359
4.031359
4.031359
4.031359
4.031359
4.031360
4.031364
4.031376
4.031411
4.031500
4.031710
4.032164
4.033069
4.034741
4.037620
4.042255
4.049264
4.059269
4.072810
4.090272
4.111841
4.137486
4.166978
4.199940
4.235901
4.274350
4.314787
4.356756
4.399862
4.443785
4.488274
4.533143
4.578256
4.623523
4.668882
4.714296
4.759739
4.805200
4.850668
4.896141
4.941617
4.987093
5.032569
5.078046
5.123523
5.169000
5.214477
5.259954
5.305431
5.350908
5.396385
5.441862
5.487339
5.532816
5.578293
5.623770
5.669246
5.714718
5.760137
5.804979
5.843759
5.822041
5.322576
3.545732
2.081750
1.659794
1.602884
1.627319
1.668447
1.713006
1.758285
1.803719
1.849186
1.894660
1.940137
1.985614
2.031091
2.076567
2.122044
2.167521
2.212998
2.258475
2.303952
2.349429
2.394906
2.440383
2.485860
2.531337
2.576814
2.622291
2.667768
2.713245
2.758722
2.804199
2.849683
2.897928
4.031359
4.031359
4.031359
4.031359
4.031359
4.031359
4.031359
4.031359
4.031359
4.031359
4.031360
4.031363
4.031372
4.031400
4.031472
4.031643
4.032019
4.032779
4.034205
4.036696
4.040765
4.047008
4.056040
4.068424
4.084591
4.104786
4.129045
4.157200
4.188925
4.223781
4.261273
4.300904
4.342206
4.384770
4.428253
4.472385
4.516957
4.561820
4.606868
4.652030
4.697259
4.742527
4.787816
4.833117
4.878424
4.923734
4.969045
5.014357
5.059669
5.104981
5.150294
5.195606
5.240919
5.286231
5.331543
5.376856
5.422168
5.467480
5.512793
5.558105
5.603417
5.648730
5.694039
5.739317
5.784261
5.825687
5.831801
5.533319
4.047285
2.324934
1.715758
1.610195
1.624165
1.662988
1.706933
1.751950
1.797197
1.842495
1.887804
1.933116
1.978428
2.023740
2.069053
2.114365
2.159677
2.204990
2.250302
2.295614
2.340927
2.386239
2.431551
2.476864
2.522176
2.567489
2.612801
2.658113
2.703426
2.748738
2.794050
2.839370
2.887489
4.031359
4.031359
4.031359
4.031359
4.031359
4.031359
4.031359
4.031359
4.031359
4.031359
4.031360
4.031362
4.031369
4.031391
4.031449
4.031588
4.031899
4.032535
4.033748
4.035897
4.039458
4.044999
4.053127
4.064417
4.079338
4.098192
4.121076
4.147888
4.178352
4.212067
4.248561
4.287341
4.327935
4.369919
4.412931
4.456678
4.500936
4.545534
4.590353
4.635311
4.680352
4.725443
4.770561
4.815694
4.860835
4.905981
4.951128
4.996276
5.041425
5.086574
5.131723
5.176872
5.222021
5.267170
5.312319
5.357468
5.402617
5.447766
5.492915
5.538063
5.583212
5.628361
5.673508
5.718638
5.763571
5.806460
5.828771
5.663997
4.525747
2.644295
1.799251
1.623797
1.622375
1.657854
1.700964
1.745674
1.790726
1.835854
1.880997
1.926145
1.971294
2.016443
2.061592
2.106741
2.151890
2.197039
2.242188
2.287337
2.332486
2.377635
2.422784
2.467933
2.513082
2.558231
2.603380
2.648529
2.693678
2.738827
2.783976
2.829132
2.877126
4.031359
4.031359
4.031359
4.031359
4.031359
4.031359
4.031359
4.031359
4.031359
4.031359
4.031359
4.031361
4.031367
4.031384
4.031430
4.031544
4.031799
4.032331
4.033359
4.035208
4.038315
4.043217
4.050507
4.060767
4.074497
4.092046
4.113574
4.139040
4.168225
4.200768
4.236224
4.274111
4.313955
4.355320
4.397827
4.441164
4.485084
4.529402
4.573982
4.618728
4.663577
4.708487
4.753433
4.798398
4.843374
4.888356
4.933340
4.978326
5.023312
5.068299
5.113285
5.158272
5.203259
5.248245
5.293232
5.338219
5.383206
5.428193
5.473179
5.518166
5.563153
5.608140
5.653125
5.698100
5.742961
5.786629
5.818303
5.737648
4.935214
3.040858
1.920669
1.646579
1.622582
1.653178
1.695130
1.739463
1.784306
1.829261
1.874240
1.919225
1.964211
2.009198
2.054185
2.099172
2.144158
2.189145
2.234132
2.279119
2.324105
2.369092
2.414079
2.459066
2.504053
2.549039
2.594026
2.639013
2.684000
2.728986
2.773973
2.818967
2.866838
4.031359
4.031359
4.031359
4.031359
4.031359
4.031359
4.031359
4.031359
4.031359
4.031359
4.031359
4.031361
4.031365
4.031379
4.031416
4.031507
4.031717
4.032161
4.033030
4.034615
4.037317
4.041641
4.048159
4.057454
4.070048
4.086334
4.106529
4.130655
4.158547
4.189891
4.224273
4.261226
4.300278
4.340984
4.382951
4.425848
4.469409
4.513428
4.557755
4.602282
4.646933
4.691660
4.736431
4.781228
4.826039
4.870858
4.915680
4.960504
5.005329
5.050154
5.094980
5.139806
5.184631
5.229457
5.274283
5.319109
5.363934
5.408760
5.453586
5.498411
5.543237
5.588063
5.632888
5.677707
5.722459
5.766513
5.803567
5.774017
5.249664
3.499752
2.092416
1.682651
1.625715
1.649160
1.689472
1.733327
1.777939
1.822717
1.867532
1.912355
1.957180
2.002005
2.046831
2.091657
2.136482
2.181308
2.226134
2.270960
2.315785
2.360611
2.405437
2.450262
2.495088
2.539914
2.584740
2.629565
2.674391
2.719217
2.764043
2.808876
2.856624
4.031359
4.031359
4.031359
4.031359
4.031359
4.031359
4.031359
4.031359
4.031359
4.031359
4.031359
4.031360
4.031364
4.031374
4.031404
4.031478
4.031650
4.032019
4.032751
4.034107
4.036450
4.040252
4.046061
4.054455
4.065971
4.081040
4.099932
4.122727
4.149319
4.179442
4.212717
4.248697
4.286915
4.326923
4.368314
4.410740
4.453916
4.497618
4.541678
4.585974
4.630421
4.674961
4.719556
4.764184
4.808830
4.853486
4.898147
4.942810
4.987475
5.032140
5.076806
5.121471
5.166137
5.210803
5.255469
5.300135
5.344800
5.389466
5.434132
5.478798
5.523464
5.568130
5.612795
5.657457
5.702079
5.746293
5.786412
5.787282
5.467939
3.987322
2.327382
1.737743
1.633132
1.646094
1.684055
1.727278
1.771627
1.816222
1.860872
1.905533
1.950198
1.994864
2.039530
2.084196
2.128861
2.173527
2.218193
2.262859
2.307525
2.352190
2.396856
2.441522
2.486188
2.530854
2.575520
2.620185
2.664851
2.709517
2.754183
2.798856
2.846484
4.031359
4.031359
4.031359
4.031359
4.031359
4.031359
4.031359
4.031359
4.031359
4.031359
4.031359
4.031360
4.031363
4.031371
4.031394
4.031454
4.031595
4.031901
4.032517
4.033672
4.035698
4.039031
4.044193
4.051749
4.062247
4.076149
4.093771
4.115251
4.140541
4.169425
4.201564
4.236533
4.273879
4.313148
4.353927
4.395849
4.438613
4.481977
4.525754
4.569809
4.614044
4.658391
4.702808
4.747265
4.791745
4.836238
4.880739
4.925242
4.969748
5.014254
5.058761
5.103268
5.147775
5.192282
5.236789
5.281296
5.325803
5.370310
5.414817
5.459324
5.503831
5.548338
5.592845
5.637350
5.681831
5.726072
5.767914
5.786678
5.606158
4.457010
2.635493
1.819588
1.646802
1.644412
1.678971
1.721338
1.765375
1.809777
1.854260
1.898761
1.943267
1.987773
2.032280
2.076787
2.121295
2.165802
2.210309
2.254816
2.299323
2.343830
2.388337
2.432844
2.477351
2.521858
2.566365
2.610872
2.655379
2.699886
2.744393
2.788908
2.836415
4.031359
4.031359
4.031359
4.031359
4.031359
4.031359
4.031359
4.031359
4.031359
4.031359
4.031359
4.031360
4.031362
4.031368
4.031387
4.031435
4.031550
4.031803
4.032319
4.033302
4.035048
4.037961
4.042533
4.049314
4.058856
4.071642
4.088033
4.108219
4.132210
4.159844
4.190820
4.224746
4.261179
4.299671
4.339799
4.381185
4.423509
4.466511
4.509988
4.553789
4.597802
4.641951
4.686185
4.730470
4.774784
4.819115
4.863455
4.907800
4.952147
4.996495
5.040844
5.085193
5.129543
5.173892
5.218241
5.262591
5.306940
5.351290
5.395639
5.439989
5.484338
5.528687
5.573037
5.617385
5.661719
5.705912
5.748694
5.777911
5.686079
4.864161
3.018149
1.938137
1.669553
1.644748
1.674358
1.715536
1.759189
1.803382
1.847696
1.892037
1.936384
1.980733
2.025083
2.069432
2.113781
2.158131
2.202480
2.246830
2.291179
2.335529
2.379878
2.424227
2.468577
2.512926
2.557276
2.601625
2.645975
2.690324
2.734673
2.779031
2.826419
4.031359
4.031359
4.031359
4.031359
4.031359
4.031359
4.031359
4.031359
4.031359
4.031359
4.031359
4.031359
4.031361
4.031366
4.031381
4.031420
4.031513
4.031722
4.032154
4.032987
4.034488
4.037026
4.041064
4.047131
4.055776
4.067501
4.082703
4.101622
4.124323
4.150698
4.180491
4.213342
4.248826
4.286501
4.325941
4.366756
4.408611
4.451227
4.494385
4.537916
4.581698
4.625643
4.669690
4.713800
4.757946
4.802114
4.846294
4.890481
4.934670
4.978862
5.023054
5.067247
5.111439
5.155632
5.199825
5.244018
5.288211
5.332404
5.376597
5.420790
5.464983
5.509175
5.553368
5.597560
5.641744
5.685844
5.729114
5.764401
5.727169
5.181658
3.462003
2.105223
1.705391
1.648029
1.670420
1.709916
1.753078
1.797040
1.841180
1.885361
1.929551
1.973743
2.017936
2.062129
2.106321
2.150514
2.194707
2.238900
2.283093
2.327286
2.371479
2.415672
2.459865
2.504058
2.548251
2.592443
2.636636
2.680829
2.725022
2.769223
2.816494
4.031359
4.031359
4.031359
4.031359
4.031359
4.031359
4.031359
4.031359
4.031359
4.031359
4.031359
4.031359
4.031361
4.031365
4.031376
4.031407
4.031483
4.031655
4.032016
4.032720
4.034007
4.036212
4.039766
4.045178
4.052988
4.063708
4.077766
4.095449
4.116875
4.141989
4.170582
4.202329
4.236829
4.273651
4.312365
4.352574
4.393928
4.436132
4.478949
4.522197
4.565736
4.609467
4.653322
4.697254
4.741231
4.785236
4.829256
4.873285
4.917318
4.961353
5.005389
5.049426
5.093464
5.137501
5.181539
5.225576
5.269614
5.313651
5.357689
5.401726
5.445764
5.489801
5.533838
5.577875
5.621908
5.665890
5.709382
5.748168
5.743816
5.405853
3.935993
2.333128
1.759870
1.655602
1.667455
1.704544
1.747057
1.790754
1.834713
1.878732
1.922765
1.966802
2.010839
2.054877
2.098914
2.142952
2.186989
2.231026
2.275064
2.319101
2.363139
2.407176
2.451214
2.495251
2.539289
2.583326
2.627364
2.671401
2.715439
2.759485
2.806638
4.031359
4.031359
4.031359
4.031359
4.031359
4.031359
4.031359
4.031359
4.031359
4.031359
4.031359
4.031359
4.031360
4.031363
4.031372
4.031397
4.031459
4.031600
4.031900
4.032494
4.033594
4.035505
4.038625
4.043438
4.050471
4.060244
4.073207
4.089689
4.109858
4.133713
4.161094
4.191714
4.225199
4.261130
4.299081
4.338648
4.379469
4.421234
4.463689
4.506634
4.549917
4.593426
4.637083
4.680832
4.724639
4.768479
4.812339
4.856210
4.900087
4.943967
4.987849
5.031731
5.075614
5.119497
5.163380
5.207264
5.251147
5.295030
5.338913
5.382796
5.426679
5.470563
5.514446
5.558329
5.602209
5.646059
5.689619
5.730399
5.745594
5.550522
4.396293
2.631375
1.840449
1.669413
1.665898
1.699516
1.741147
1.784527
1.828295
1.872151
1.916028
1.959910
2.003792
2.047675
2.091559
2.135442
2.179325
2.223208
2.267091
2.310974
2.354858
2.398741
2.442624
2.486507
2.530390
2.574273
2.618157
2.662040
2.705923
2.749814
2.796852
4.031359
4.031359
4.031359
4.031359
4.031359
4.031359
4.031359
4.031359
4.031359
4.031359
4.031359
4.031359
4.031360
4.031362
4.031370
4.031389
4.031439
4.031555
4.031804
4.032304
4.033242
4.034892
4.037623
4.041891
4.048206
4.057088
4.069007
4.084327
4.103264
4.125868
4.152030
4.181502
4.213942
4.248947
4.286098
4.324988
4.365243
4.406540
4.448608
4.491233
4.534245
4.577522
4.620973
4.664536
4.708169
4.751843
4.795543
4.839256
4.882978
4.926704
4.970431
5.014160
5.057890
5.101620
5.145349
5.189079
5.232809
5.276539
5.320269
5.363999
5.407729
5.451459
5.495189
5.538918
5.582646
5.626357
5.669895
5.711787
5.738513
5.636077
4.799709
3.001563
1.956679
1.692241
1.666388
1.694975
1.735380
1.778367
1.821927
1.865617
1.909338
1.953066
1.996795
2.040525
2.084255
2.127985
2.171714
2.215444
2.259174
2.302904
2.346634
2.390364
2.434094
2.477824
2.521554
2.565284
2.609014
2.652744
2.696474
2.740212
2.787135
4.031359
4.031359
4.031359
4.031359
4.031359
4.031359
4.031359
4.031359
4.031359
4.031359
4.031359
4.031359
4.031360
4.031361
4.031367
4.031383
4.031423
4.031518
4.031724
4.032144
4.032941
4.034363
4.036747
4.040519
4.046173
4.054222
4.065150
4.079350
4.097083
4.118449
4.143388
4.171697
4.203065
4.237113
4.273428
4.311604
4.351260
4.392059
4.433716
4.475999
4.518725
4.561758
4.604995
4.648366
4.691821
4.735328
4.778866
4.822423
4.865989
4.909561
4.953136
4.996712
5.040289
5.083866
5.127444
5.171022
5.214599
5.258177
5.301755
5.345333
5.388910
5.432488
5.476066
5.519644
5.563220
5.606786
5.650250
5.692736
5.726227
5.681556
5.118549
3.431539
2.119870
1.728002
1.669850
1.691126
1.729802
1.772284
1.815612
1.859131
1.902695
1.946269
1.989846
2.033424
2.077002
2.120579
2.164157
2.207735
2.251313
2.294890
2.338468
2.382046
2.425624
2.469201
2.512779
2.556357
2.599935
2.643512
2.687090
2.730676
2.777486
4.031359
4.031359
4.031359
4.031359
4.031359
4.031359
4.031359
4.031359
4.031359
4.031359
4.031359
4.031359
4.031359
4.031361
4.031365
4.031378
4.031410
4.031488
4.031658
4.032009
4.032686
4.033907
4.035982
4.039307
4.044354
4.051627
4.061617
4.074743
4.091304
4.111449
4.135167
4.162301
4.192575
4.225634
4.261079
4.298506
4.337529
4.377800
4.419019
4.460939
4.503362
4.546137
4.589151
4.632323
4.675596
4.718934
4.762309
4.805708
4.849119
4.892538
4.935960
4.979385
5.022810
5.066237
5.109663
5.153090
5.196516
5.239943
5.283369
5.326796
5.370223
5.413649
5.457076
5.500503
5.543928
5.587348
5.630706
5.673483
5.710916
5.701424
5.347162
3.892454
2.341723
1.782099
1.677628
1.688274
1.724481
1.766293
1.809352
1.852693
1.896099
1.939521
1.982946
2.026372
2.069799
2.113226
2.156652
2.200079
2.243505
2.286932
2.330359
2.373785
2.417212
2.460639
2.504065
2.547492
2.590919
2.634345
2.677772
2.721207
2.767904
4.031359
4.031359
4.031359
4.031359
4.031359
4.031359
4.031359
4.031359
4.031359
4.031359
4.031359
4.031359
4.031359
4.031360
4.031364
4.031374
4.031400
4.031463
4.031604
4.031897
4.032469
4.033516
4.035316
4.038239
4.042731
4.049284
4.058390
4.070489
4.085914
4.104860
4.127364
4.153316
4.182477
4.214519
4.249062
4.285705
4.324061
4.363771
4.404524
4.446058
4.488159
4.530662
4.573442
4.616408
4.659496
4.702660
4.745871
4.789111
4.832367
4.875633
4.918904
4.962178
5.005453
5.048729
5.092005
5.135282
5.178558
5.221835
5.265111
5.308388
5.351664
5.394941
5.438218
5.481494
5.524770
5.568043
5.611278
5.654167
5.693875
5.705512
5.497209
4.342992
2.631327
1.861751
1.691648
1.686860
1.719516
1.760417
1.803152
1.846303
1.889550
1.932819
1.976094
2.019370
2.062646
2.105923
2.149199
2.192476
2.235752
2.279029
2.322306
2.365582
2.408859
2.452135
2.495412
2.538688
2.581965
2.625241
2.668518
2.711803
2.758389
4.031359
4.031359
4.031359
4.031359
4.031359
4.031359
4.031359
4.031359
4.031359
4.031359
4.031359
4.031359
4.031359
4.031360
4.031363
4.031371
4.031392
4.031443
4.031559
4.031803
4.032286
4.033180
4.034739
4.037301
4.041288
4.047174
4.055451
4.066572
4.080901
4.098674
4.119975
4.144741
4.172773
4.203774
4.237383
4.273209
4.310863
4.349982
4.390241
4.431363
4.473122
4.515338
4.557873
4.600624
4.643519
4.686507
4.729552
4.772632
4.815733
4.858846
4.901966
4.945090
4.988216
5.031342
5.074469
5.117597
5.160724
5.203852
5.246979
5.290107
5.333234
5.376362
5.419489
5.462617
5.505744
5.548869
5.591972
5.634867
5.675865
5.700089
5.587733
4.741541
2.990336
1.976146
1.714651
1.687527
1.715052
1.754688
1.797020
1.839963
1.883047
1.926164
1.969289
2.012415
2.055543
2.098670
2.141798
2.184925
2.228053
2.271180
2.314308
2.357435
2.400563
2.443690
2.486818
2.529945
2.573073
2.616201
2.659328
2.702465
2.748940
4.031359
4.031359
4.031359
4.031359
4.031359
4.031359
4.031359
4.031359
4.031359
4.031359
4.031359
4.031359
4.031359
4.031360
4.031362
4.031368
4.031385
4.031426
4.031521
4.031725
4.032131
4.032894
4.034239
4.036479
4.040007
4.045280
4.052782
4.062975
4.076250
4.092879
4.112993
4.136574
4.163466
4.193405
4.226052
4.261028
4.297947
4.336441
4.376176
4.416863
4.458258
4.500169
4.542446
4.584973
4.627669
4.670475
4.713351
4.756270
4.799216
4.842177
4.885146
4.928120
4.971097
5.014075
5.057054
5.100033
5.143013
5.185992
5.228972
5.271951
5.314931
5.357910
5.400890
5.443869
5.486848
5.529826
5.572791
5.615632
5.657337
5.689015
5.637228
5.060253
3.407526
2.136111
1.750480
1.691204
1.711303
1.749155
1.790967
1.833675
1.876591
1.919555
1.962530
2.005509
2.048488
2.091468
2.134447
2.177427
2.220406
2.263386
2.306365
2.349345
2.392324
2.435304
2.478283
2.521263
2.564242
2.607222
2.650201
2.693190
2.739556
4.031359
4.031359
4.031359
4.031359
4.031359
4.031359
4.031359
4.031359
4.031359
4.031359
4.031359
4.031359
4.031359
4.031360
4.031361
4.031366
4.031380
4.031413
4.031491
4.031660
4.032001
4.032649
4.033808
4.035760
4.038874
4.043584
4.050364
4.059681
4.071946
4.087465
4.106412
4.128814
4.154558
4.183416
4.215074
4.249169
4.285321
4.323158
4.362340
4.402563
4.443572
4.485161
4.527164
4.569456
4.611946
4.654565
4.697269
4.740026
4.782815
4.825623
4.868442
4.911267
4.954096
4.996927
5.039758
5.082590
5.125423
5.168255
5.211087
5.253920
5.296752
5.339585
5.382417
5.425250
5.468082
5.510914
5.553738
5.596486
5.638555
5.674621
5.660127
5.291909
3.855924
2.352795
1.804405
1.699232
1.708577
1.743889
1.785009
1.827444
1.870182
1.912992
1.955819
1.998650
2.041482
2.084314
2.127147
2.169979
2.212812
2.255644
2.298477
2.341309
2.384142
2.426975
2.469807
2.512640
2.555472
2.598305
2.641137
2.683979
2.730237
4.031359
4.031359
4.031359
4.031359
4.031359
4.031359
4.031359
4.031359
4.031359
4.031359
4.031359
4.031359
4.031359
4.031359
4.031361
4.031365
4.031375
4.031402
4.031466
4.031606
4.031892
4.032442
4.033436
4.035134
4.037874
4.042069
4.048180
4.056673
4.067974
4.082419
4.100223
4.121456
4.146049
4.173811
4.204457
4.237642
4.272994
4.310142
4.348739
4.388471
4.429071
4.470317
4.512032
4.554078
4.596352
4.638779
4.681307
4.723898
4.766529
4.809184
4.851853
4.894530
4.937211
4.979895
5.022581
5.065266
5.107953
5.150639
5.193325
5.236012
5.278698
5.321385
5.364071
5.406758
5.449444
5.492130
5.534812
5.577448
5.619675
5.658303
5.666431
5.446296
4.296506
2.634829
1.883429
1.713526
1.707323
1.738992
1.779169
1.821273
1.863822
1.906475
1.949153
1.991838
2.034524
2.077210
2.119897
2.162583
2.205270
2.247956
2.290643
2.333329
2.376016
2.418702
2.461389
2.504075
2.546762
2.589448
2.632135
2.674831
2.720981
4.031359
4.031359
4.031359
4.031359
4.031359
4.031359
4.031359
4.031359
4.031359
4.031359
4.031359
4.031359
4.031359
4.031359
4.031360
4.031363
4.031372
4.031394
4.031446
4.031561
4.031800
4.032265
4.033117
4.034589
4.036994
4.040721
4.046213
4.053933
4.064318
4.077728
4.094416
4.114494
4.137937
4.164592
4.194205
4.226452
4.260974
4.297402
4.335383
4.374596
4.414762
4.455645
4.497054
4.538841
4.580890
4.623118
4.665464
4.707887
4.750359
4.792860
4.835378
4.877907
4.920442
4.962980
5.005520
5.048061
5.090602
5.133143
5.175684
5.218226
5.260767
5.303309
5.345850
5.388392
5.430933
5.473475
5.516013
5.558524
5.600789
5.640890
5.662621
5.541114
4.689301
2.983815
1.996416
1.736797
1.708190
1.734615
1.773482
1.815171
1.857511
1.900004
1.942534
1.985072
2.027613
2.070154
2.112696
2.155237
2.197779
2.240320
2.282862
2.325403
2.367945
2.410486
2.453028
2.495569
2.538111
2.580652
2.623194
2.665745
2.711789
4.031359
4.031359
4.031359
4.031359
4.031359
4.031359
4.031359
4.031359
4.031359
4.031359
4.031359
4.031359
4.031359
4.031359
4.031360
4.031362
4.031369
4.031387
4.031429
4.031524
4.031723
4.032116
4.032844
4.034117
4.036223
4.039524
4.044446
4.051444
4.060961
4.073379
4.088981
4.107922
4.130220
4.155760
4.184323
4.215608
4.249270
4.284945
4.322280
4.360946
4.400652
4.441149
4.482236
4.523748
4.565561
4.607582
4.649742
4.691994
4.734304
4.776650
4.819018
4.861399
4.903787
4.946180
4.988575
5.030971
5.073368
5.115766
5.158163
5.200560
5.242958
5.285355
5.327753
5.370150
5.412548
5.454945
5.497341
5.539720
5.581950
5.622877
5.652738
5.594230
5.006625
3.389228
2.153744
1.772825
1.712113
1.730975
1.767998
1.809149
1.851252
1.893579
1.935959
1.978352
2.020749
2.063146
2.105543
2.147941
2.190338
2.232736
2.275133
2.317531
2.359928
2.402326
2.444723
2.487121
2.529518
2.571916
2.614313
2.656721
2.702659
4.031359
4.031359
4.031359
4.031359
4.031359
4.031359
4.031359
4.031359
4.031359
4.031359
4.031359
4.031359
4.031359
4.031359
4.031360
4.031362
4.031367
4.031381
4.031416
4.031494
4.031660
4.031990
4.032611
4.033709
4.035547
4.038464
4.042863
4.049190
4.057887
4.069356
4.083906
4.101732
4.122893
4.147316
4.174814
4.205114
4.237888
4.272781
4.309439
4.347528
4.386747
4.426837
4.467581
4.508804
4.550370
4.592175
4.634143
4.676218
4.718364
4.760553
4.802770
4.845003
4.887246
4.929494
4.971745
5.013998
5.056252
5.098506
5.140760
5.183014
5.225269
5.267523
5.309778
5.352032
5.394286
5.436541
5.478794
5.521037
5.563191
5.604557
5.639250
5.619941
5.240084
3.825692
2.366034
1.826767
1.720435
1.728389
1.762792
1.803226
1.845050
1.887201
1.929430
1.971678
2.013931
2.056185
2.098440
2.140694
2.182948
2.225203
2.267457
2.309712
2.351966
2.394221
2.436475
2.478730
2.520984
2.563238
2.605493
2.647757
2.693591
4.031359
4.031359
4.031359
4.031359
4.031359
4.031359
4.031359
4.031359
4.031359
4.031359
4.031359
4.031359
4.031359
4.031359
4.031359
4.031361
4.031365
4.031377
4.031405
4.031469
4.031606
4.031884
4.032412
4.033357
4.034958
4.037527
4.041449
4.047153
4.055080
4.065644
4.079180
4.095916
4.115953
4.139257
4.165680
4.194976
4.226837
4.260918
4.296869
4.334351
4.373057
4.412715
4.453096
4.494014
4.535319
4.576898
4.618666
4.660561
4.702539
4.744571
4.786635
4.828720
4.870817
4.912921
4.955029
4.997139
5.039250
5.081362
5.123474
5.165586
5.207699
5.249811
5.291923
5.334036
5.376148
5.418260
5.460372
5.502478
5.544529
5.586104
5.623647
5.628348
5.397826
4.256259
2.641446
1.905434
1.735065
1.727312
1.757970
1.797424
1.838909
1.880871
1.922946
1.965050
2.007160
2.049271
2.091384
2.133496
2.175608
2.217721
2.259833
2.301945
2.344058
2.386170
2.428282
2.470395
2.512507
2.554620
2.596732
2.638854
2.684585
4.031359
4.031359
4.031359
4.031359
4.031359
4.031359
4.031359
4.031359
4.031359
4.031359
4.031359
4.031359
4.031359
4.031359
4.031359
4.031361
4.031364
4.031373
4.031396
4.031448
4.031562
4.031795
4.032243
4.033054
4.034444
4.036703
4.040189
4.045317
4.052524
4.062228
4.074788
4.090463
4.109392
4.131583
4.156923
4.185198
4.216122
4.249363
4.284577
4.321424
4.359588
4.398789
4.438787
4.479381
4.520412
4.561754
4.603315
4.645023
4.686830
4.728701
4.770612
4.812549
4.854500
4.896460
4.938426
4.980394
5.022363
5.064334
5.106305
5.148276
5.190247
5.232218
5.274189
5.316160
5.358132
5.400103
5.442074
5.484041
5.525975
5.567620
5.606825
5.626094
5.496269
4.642611
2.981435
2.017393
1.758692
1.728402
1.753686
1.791782
1.832839
1.874590
1.916508
1.958466
2.000434
2.042404
2.084375
2.126346
2.168317
2.210289
2.252260
2.294231
2.336202
2.378174
2.420145
2.462116
2.504087
2.546058
2.588030
2.630011
2.675639
4.031359
4.031359
4.031359
4.031359
4.031359
4.031359
4.031359
4.031359
4.031359
4.031359
4.031359
4.031359
4.031359
4.031359
4.031359
4.031360
4.031363
4.031370
4.031388
4.031431
4.031526
4.031721
4.032100
4.032794
4.033999
4.035978
4.039069
4.043668
4.050201
4.059093
4.070717
4.085363
4.103204
4.124289
4.148542
4.175783
4.205748
4.238124
4.272572
4.308754
4.346349
4.385068
4.424659
4.464911
4.505652
4.546747
4.588090
4.629606
4.671238
4.712945
4.754702
4.796488
4.838294
4.880111
4.921934
4.963761
5.005589
5.047419
5.089250
5.131081
5.172912
5.214743
5.256574
5.298405
5.340236
5.382067
5.423897
5.465726
5.507534
5.549167
5.589320
5.617373
5.552593
4.957481
3.375999
2.172606
1.795042
1.732603
1.750166
1.786352
1.826851
1.868362
1.910115
1.951927
1.993753
2.035582
2.077413
2.119244
2.161075
2.202906
2.244737
2.286568
2.328399
2.370230
2.412062
2.453893
2.495724
2.537555
2.579386
2.621227
2.666754
