1.000000
1.000000
1.000000
1.000000
1.000000
1.000000
1.000000
1.000000
1.000000
1.500000
2.000000
2.000000
2.000000
2.000000
2.000000
2.000000
2.000000
2.000000
2.000000
2.000000
1.500000
1.000000
1.000000
1.000000
1.000000
1.000000
1.000000
1.000000
1.000000
1.000000
1.000000
1.000000
1.000000
1.000000
1.000000
1.000000
1.000000
1.000000
1.000000
0.500000
1.000000
1.000000
1.000000
1.000000
1.000000
1.000000
1.000000
1.000000
1.000000
1.250000
1.750000
2.000000
2.000000
2.000000
2.000000
2.000000
2.000000
2.000000
2.000000
2.000000
1.750000
1.250000
1.000000
1.000000
1.000000
1.000000
1.000000
1.000000
1.000000
1.000000
1.000000
1.000000
1.000000
1.000000
1.000000
1.000000
1.000000
1.000000
1.000000
0.750000
1.000000
1.000000
1.000000
1.000000
1.000000
1.000000
1.000000
1.000000
1.000000
1.125000
1.500000
1.875000
2.000000
2.000000
2.000000
2.000000
2.000000
2.000000
2.000000
2.000000
1.875000
1.500000
1.125000
1.000000
1.000000
1.000000
1.000000
1.000000
1.000000
1.000000
1.000000
1.000000
1.000000
1.000000
1.000000
1.000000
1.000000
1.000000
1.000000
0.875000
1.000000
1.000000
1.000000
1.000000
1.000000
1.000000
1.000000
1.000000
1.000000
1.062500
1.312500
1.687500
1.937500
2.000000
2.000000
2.000000
2.000000
2.000000
2.000000
2.000000
1.937500
1.687500
1.312500
1.062500
1.000000
1.000000
1.000000
1.000000
1.000000
1.000000
1.000000
1.000000
1.000000
1.000000
1.000000
1.000000
1.000000
1.000000
1.000000
0.937500
1.000000
1.000000
1.000000
1.000000
1.000000
1.000000
1.000000
1.000000
1.000000
1.031250
1.187500
1.500000
1.812500
1.968750
2.000000
2.000000
2.000000
2.000000
2.000000
2.000000
1.968750
1.812500
1.500000
1.187500
1.031250
1.000000
1.000000
1.000000
1.000000
1.000000
1.000000
1.000000
1.000000
1.000000
1.000000
1.000000
1.000000
1.000000
1.000000
0.968750
1.000000
1.000000
1.000000
1.000000
1.000000
1.000000
1.000000
1.000000
1.000000
1.015625
1.109375
1.343750
1.656250
1.890625
1.984375
2.000000
2.000000
2.000000
2.000000
2.000000
1.984375
1.890625
1.656250
1.343750
1.109375
1.015625
1.000000
1.000000
1.000000
1.000000
1.000000
1.000000
1.000000
1.000000
1.000000
1.000000
1.000000
1.000000
1.000000
0.984375
1.000000
1.000000
1.000000
1.000000
1.000000
1.000000
1.000000
1.000000
1.000000
1.007813
1.062500
1.226563
1.500000
1.773438
1.937500
1.992188
2.000000
2.000000
2.000000
2.000000
1.992188
1.937500
1.773438
1.500000
1.226563
1.062500
1.007813
1.000000
1.000000
1.000000
1.000000
1.000000
1.000000
1.000000
1.000000
1.000000
1.000000
1.000000
1.000000
0.992188
1.000000
1.000000
1.000000
1.000000
1.000000
1.000000
1.000000
1.000000
1.000000
1.003906
1.035156
1.144531
1.363281
1.636719
1.855469
1.964844
1.996094
2.000000
2.000000
2.000000
1.996094
1.964844
1.855469
1.636719
1.363281
1.144531
1.035156
1.003906
1.000000
1.000000
1.000000
1.000000
1.000000
1.000000
1.000000
1.000000
1.000000
1.000000
1.000000
0.996094
1.000000
1.000000
1.000000
1.000000
1.000000
1.000000
1.000000
1.000000
1.000000
1.001953
1.019531
1.089844
1.253906
1.500000
1.746094
1.910156
1.980469
1.998047
2.000000
2.000000
1.998047
1.980469
1.910156
1.746094
1.500000
1.253906
1.089844
1.019531
1.001953
1.000000
1.000000
1.000000
1.000000
1.000000
1.000000
1.000000
1.000000
1.000000
1.000000
0.998047
1.000000
1.000000
1.000000
1.000000
1.000000
1.000000
1.000000
1.000000
1.000000
1.000977
1.010742
1.054688
1.171875
1.376953
1.623047
1.828125
1.945313
1.989258
1.999023
2.000000
1.999023
1.989258
1.945313
1.828125
1.623047
1.376953
1.171875
1.054688
1.010742
1.000977
1.000000
1.000000
1.000000
1.000000
1.000000
1.000000
1.000000
1.000000
1.000000
0.999023
1.000000
1.000000
1.000000
1.000000
1.000000
1.000000
1.000000
1.000000
1.000000
1.000488
1.005859
1.032715
1.113281
1.274414
1.500000
1.725586
1.886719
1.967285
1.994141
1.999512
1.999512
1.994141
1.967285
1.886719
1.725586
1.500000
1.274414
1.113281
1.032715
1.005859
1.000488
1.000000
1.000000
1.000000
1.000000
1.000000
1.000000
1.000000
1.000000
0.999512
1.000000
1.000000
1.000000
1.000000
1.000000
1.000000
1.000000
1.000000
1.000000
1.000244
1.003174
1.019287
1.072998
1.193848
1.387207
1.612793
1.806152
1.927002
1.980713
1.996826
1.999512
1.996826
1.980713
1.927002
1.806152
1.612793
1.387207
1.193848
1.072998
1.019287
1.003174
1.000244
1.000000
1.000000
1.000000
1.000000
1.000000
1.000000
1.000000
0.999756
1.000000
1.000000
1.000000
1.000000
1.000000
1.000000
1.000000
1.000000
1.000000
1.000122
1.001709
1.011230
1.046143
1.133423
1.290527
1.500000
1.709473
1.866577
1.953857
1.988770
1.998169
1.998169
1.988770
1.953857
1.866577
1.709473
1.500000
1.290527
1.133423
1.046143
1.011230
1.001709
1.000122
1.000000
1.000000
1.000000
1.000000
1.000000
1.000000
0.999878
1.000000
1.000000
1.000000
1.000000
1.000000
1.000000
1.000000
1.000000
1.000000
1.000061
1.000916
1.006470
1.028687
1.089783
1.211975
1.395264
1.604736
1.788025
1.910217
1.971313
1.993469
1.998169
1.993469
1.971313
1.910217
1.788025
1.604736
1.395264
1.211975
1.089783
1.028687
1.006470
1.000916
1.000061
1.000000
1.000000
1.000000
1.000000
1.000000
0.999939
1.000000
1.000000
1.000000
1.000000
1.000000
1.000000
1.000000
1.000000
1.000000
1.000031
1.000488
1.003693
1.017578
1.059235
1.150879
1.303619
1.500000
1.696381
1.849121
1.940765
1.982391
1.995819
1.995819
1.982391
1.940765
1.849121
1.696381
1.500000
1.303619
1.150879
1.059235
1.017578
1.003693
1.000488
1.000031
1.000000
1.000000
1.000000
1.000000
0.999969
1.000000
1.000000
1.000000
1.000000
1.000000
1.000000
1.000000
1.000000
1.000000
1.000015
1.000259
1.002090
1.010635
1.038406
1.105057
1.227249
1.401810
1.598190
1.772751
1.894943
1.961578
1.989105
1.995819
1.989105
1.961578
1.894943
1.772751
1.598190
1.401810
1.227249
1.105057
1.038406
1.010635
1.002090
1.000259
1.000015
1.000000
1.000000
1.000000
0.999985
1.000000
1.000000
1.000000
1.000000
1.000000
1.000000
1.000000
1.000000
1.000000
1.000008
1.000137
1.001175
1.006363
1.024521
1.071732
1.166153
1.314529
1.500000
1.685471
1.833847
1.928261
1.975342
1.992462
1.992462
1.975342
1.928261
1.833847
1.685471
1.500000
1.314529
1.166153
1.071732
1.024521
1.006363
1.001175
1.000137
1.000008
1.000000
1.000000
0.999992
1.000000
1.000000
1.000000
1.000000
1.000000
1.000000
1.000000
1.000000
1.000000
1.000004
1.000072
1.000656
1.003769
1.015442
1.048126
1.118942
1.240341
1.407265
1.592735
1.759659
1.881054
1.951801
1.983902
1.992462
1.983902
1.951801
1.881054
1.759659
1.592735
1.407265
1.240341
1.118942
1.048126
1.015442
1.003769
1.000656
1.000072
1.000004
1.000000
0.999996
1.000000
1.000000
1.000000
1.000000
1.000000
1.000000
1.000000
1.000000
1.000000
1.000002
1.000038
1.000364
1.002213
1.009605
1.031784
1.083534
1.179642
1.323803
1.500000
1.676197
1.820356
1.916428
1.967852
1.988182
1.988182
1.967852
1.916428
1.820356
1.676197
1.500000
1.323803
1.179642
1.083534
1.031784
1.009605
1.002213
1.000364
1.000038
1.000002
0.999998
1.000000
1.000000
1.000000
1.000000
1.000000
1.000000
1.000000
1.000000
1.000000
1.000001
1.000020
1.000201
1.001288
1.005909
1.020695
1.057659
1.131588
1.251722
1.411901
1.588099
1.748277
1.868392
1.942140
1.978017
1.988182
1.978017
1.942140
1.868392
1.748277
1.588099
1.411901
1.251722
1.131588
1.057659
1.020695
1.005909
1.001288
1.000201
1.000020
1.000000
1.000000
1.000000
1.000000
1.000000
1.000000
1.000000
1.000000
1.000000
1.000000
1.000000
1.000010
1.000111
1.000745
1.003599
1.013302
1.039177
1.094624
1.191655
1.331812
1.500000
1.668188
1.808334
1.905266
1.960078
1.983099
1.983099
1.960078
1.905266
1.808334
1.668188
1.500000
1.331812
1.191655
1.094624
1.039177
1.013302
1.003599
1.000745
1.000111
1.000010
1.000000
1.000000
1.000000
1.000000
1.000000
1.000000
1.000000
1.000000
1.000000
1.000000
1.000005
1.000061
1.000428
1.002172
1.008450
1.026239
1.066900
1.143139
1.261734
1.415906
1.584094
1.738261
1.856800
1.932672
1.971589
1.983099
1.971589
1.932672
1.856800
1.738261
1.584094
1.415906
1.261734
1.143139
1.066900
1.026239
1.008450
1.002172
1.000428
1.000060
1.000000
1.000000
1.000000
1.000000
1.000000
1.000000
1.000000
1.000000
1.000000
1.000000
1.000003
1.000033
1.000244
1.001300
1.005311
1.017345
1.046570
1.105020
1.202436
1.338820
1.500000
1.661177
1.797531
1.894736
1.952130
1.977344
1.977344
1.952130
1.894736
1.797531
1.661177
1.500000
1.338820
1.202436
1.105020
1.046570
1.017345
1.005311
1.001300
1.000244
1.000000
1.000000
1.000000
1.000000
1.000000
1.000000
1.000000
1.000000
1.000000
1.000000
1.000001
1.000018
1.000139
1.000772
1.003305
1.011328
1.031957
1.075795
1.153728
1.270628
1.419410
1.580589
1.729354
1.846133
1.923433
1.964737
1.977344
1.964737
1.923433
1.846133
1.729354
1.580589
1.419410
1.270628
1.153728
1.075795
1.031957
1.011328
1.003305
1.000772
1.000000
1.000000
1.000000
1.000000
1.000000
1.000000
1.000000
1.000000
1.000000
1.000000
1.000001
1.000010
1.000078
1.000455
1.002039
1.007317
1.021643
1.053876
1.114761
1.212178
1.345019
1.499999
1.654971
1.787744
1.884783
1.944085
1.971041
1.971041
1.944085
1.884783
1.787744
1.654971
1.499999
1.345019
1.212178
1.114761
1.053876
1.021643
1.007317
1.002039
